(0,0) -> 0
(0,1) -> 1
(0,2) -> 2
(0,3) -> 3
(0,4) -> 4
(0,5) -> 5
(0,6) -> 6
(0,7) -> 7
(0,8) -> 8
(0,9) -> 9
(0,10) -> 10
(0,11) -> 11
(0,12) -> 12
(0,13) -> 13
(0,14) -> 14
(0,15) -> 15
(0,16) -> 16
(0,17) -> 17
(0,18) -> 18
(0,19) -> 19
(0,20) -> 20
(0,21) -> 21
(0,22) -> 22
(0,23) -> 23
(0,24) -> 24
(0,25) -> 25
(0,26) -> 26
(0,27) -> 27
(0,28) -> 28
(0,29) -> 29
(0,30) -> 30
(0,31) -> 31
(0,32) -> 32
(0,33) -> 33
(0,34) -> 34
(0,35) -> 35
(0,36) -> 36
(0,37) -> 37
(0,38) -> 38
(0,39) -> 39
(0,40) -> 40
(0,41) -> 41
(0,42) -> 42
(0,43) -> 43
(0,44) -> 44
(0,45) -> 45
(0,46) -> 46
(0,47) -> 47
(0,48) -> 48
(0,49) -> 49
(0,50) -> 50
(0,51) -> 51
(0,52) -> 52
(0,53) -> 53
(0,54) -> 54
(0,55) -> 55
(0,56) -> 56
(0,57) -> 57
(0,58) -> 58
(0,59) -> 59
(0,60) -> 60
(0,61) -> 61
(0,62) -> 62
(0,63) -> 63
(1,0) -> 64
(1,1) -> 65
(1,2) -> 66
(1,3) -> 67
(1,4) -> 68
(1,5) -> 69
(1,6) -> 70
(1,7) -> 71
(1,8) -> 72
(1,9) -> 73
(1,10) -> 74
(1,11) -> 75
(1,12) -> 76
(1,13) -> 77
(1,14) -> 78
(1,15) -> 79
(1,16) -> 80
(1,17) -> 81
(1,18) -> 82
(1,19) -> 83
(1,20) -> 84
(1,21) -> 85
(1,22) -> 86
(1,23) -> 87
(1,24) -> 88
(1,25) -> 89
(1,26) -> 90
(1,27) -> 91
(1,28) -> 92
(1,29) -> 93
(1,30) -> 94
(1,31) -> 95
(1,32) -> 96
(1,33) -> 97
(1,34) -> 98
(1,35) -> 99
(1,36) -> 100
(1,37) -> 101
(1,38) -> 102
(1,39) -> 103
(1,40) -> 104
(1,41) -> 105
(1,42) -> 106
(1,43) -> 107
(1,44) -> 108
(1,45) -> 109
(1,46) -> 110
(1,47) -> 111
(1,48) -> 112
(1,49) -> 113
(1,50) -> 114
(1,51) -> 115
(1,52) -> 116
(1,53) -> 117
(1,54) -> 118
(1,55) -> 119
(1,56) -> 120
(1,57) -> 121
(1,58) -> 122
(1,59) -> 123
(1,60) -> 124
(1,61) -> 125
(1,62) -> 126
(1,63) -> 127
(2,0) -> 128
(2,1) -> 129
(2,2) -> 130
(2,3) -> 131
(2,4) -> 132
(2,5) -> 133
(2,6) -> 134
(2,7) -> 135
(2,8) -> 136
(2,9) -> 137
(2,10) -> 138
(2,11) -> 139
(2,12) -> 140
(2,13) -> 141
(2,14) -> 142
(2,15) -> 143
(2,16) -> 144
(2,17) -> 145
(2,18) -> 146
(2,19) -> 147
(2,20) -> 148
(2,21) -> 149
(2,22) -> 150
(2,23) -> 151
(2,24) -> 152
(2,25) -> 153
(2,26) -> 154
(2,27) -> 155
(2,28) -> 156
(2,29) -> 157
(2,30) -> 158
(2,31) -> 159
(2,32) -> 160
(2,33) -> 161
(2,34) -> 162
(2,35) -> 163
(2,36) -> 164
(2,37) -> 165
(2,38) -> 166
(2,39) -> 167
(2,40) -> 168
(2,41) -> 169
(2,42) -> 170
(2,43) -> 171
(2,44) -> 172
(2,45) -> 173
(2,46) -> 174
(2,47) -> 175
(2,48) -> 176
(2,49) -> 177
(2,50) -> 178
(2,51) -> 179
(2,52) -> 180
(2,53) -> 181
(2,54) -> 182
(2,55) -> 183
(2,56) -> 184
(2,57) -> 185
(2,58) -> 186
(2,59) -> 187
(2,60) -> 188
(2,61) -> 189
(2,62) -> 190
(2,63) -> 191
(3,0) -> 192
(3,1) -> 193
(3,2) -> 194
(3,3) -> 195
(3,4) -> 196
(3,5) -> 197
(3,6) -> 198
(3,7) -> 199
(3,8) -> 200
(3,9) -> 201
(3,10) -> 202
(3,11) -> 203
(3,12) -> 204
(3,13) -> 205
(3,14) -> 206
(3,15) -> 207
(3,16) -> 208
(3,17) -> 209
(3,18) -> 210
(3,19) -> 211
(3,20) -> 212
(3,21) -> 213
(3,22) -> 214
(3,23) -> 215
(3,24) -> 216
(3,25) -> 217
(3,26) -> 218
(3,27) -> 219
(3,28) -> 220
(3,29) -> 221
(3,30) -> 222
(3,31) -> 223
(3,32) -> 224
(3,33) -> 225
(3,34) -> 226
(3,35) -> 227
(3,36) -> 228
(3,37) -> 229
(3,38) -> 230
(3,39) -> 231
(3,40) -> 232
(3,41) -> 233
(3,42) -> 234
(3,43) -> 235
(3,44) -> 236
(3,45) -> 237
(3,46) -> 238
(3,47) -> 239
(3,48) -> 240
(3,49) -> 241
(3,50) -> 242
(3,51) -> 243
(3,52) -> 244
(3,53) -> 245
(3,54) -> 246
(3,55) -> 247
(3,56) -> 248
(3,57) -> 249
(3,58) -> 250
(3,59) -> 251
(3,60) -> 252
(3,61) -> 253
(3,62) -> 254
(3,63) -> 255
(4,0) -> 256
(4,1) -> 257
(4,2) -> 258
(4,3) -> 259
(4,4) -> 260
(4,5) -> 261
(4,6) -> 262
(4,7) -> 263
(4,8) -> 264
(4,9) -> 265
(4,10) -> 266
(4,11) -> 267
(4,12) -> 268
(4,13) -> 269
(4,14) -> 270
(4,15) -> 271
(4,16) -> 272
(4,17) -> 273
(4,18) -> 274
(4,19) -> 275
(4,20) -> 276
(4,21) -> 277
(4,22) -> 278
(4,23) -> 279
(4,24) -> 280
(4,25) -> 281
(4,26) -> 282
(4,27) -> 283
(4,28) -> 284
(4,29) -> 285
(4,30) -> 286
(4,31) -> 287
(4,32) -> 288
(4,33) -> 289
(4,34) -> 290
(4,35) -> 291
(4,36) -> 292
(4,37) -> 293
(4,38) -> 294
(4,39) -> 295
(4,40) -> 296
(4,41) -> 297
(4,42) -> 298
(4,43) -> 299
(4,44) -> 300
(4,45) -> 301
(4,46) -> 302
(4,47) -> 303
(4,48) -> 304
(4,49) -> 305
(4,50) -> 306
(4,51) -> 307
(4,52) -> 308
(4,53) -> 309
(4,54) -> 310
(4,55) -> 311
(4,56) -> 312
(4,57) -> 313
(4,58) -> 314
(4,59) -> 315
(4,60) -> 316
(4,61) -> 317
(4,62) -> 318
(4,63) -> 319
(5,0) -> 320
(5,1) -> 321
(5,2) -> 322
(5,3) -> 323
(5,4) -> 324
(5,5) -> 325
(5,6) -> 326
(5,7) -> 327
(5,8) -> 328
(5,9) -> 329
(5,10) -> 330
(5,11) -> 331
(5,12) -> 332
(5,13) -> 333
(5,14) -> 334
(5,15) -> 335
(5,16) -> 336
(5,17) -> 337
(5,18) -> 338
(5,19) -> 339
(5,20) -> 340
(5,21) -> 341
(5,22) -> 342
(5,23) -> 343
(5,24) -> 344
(5,25) -> 345
(5,26) -> 346
(5,27) -> 347
(5,28) -> 348
(5,29) -> 349
(5,30) -> 350
(5,31) -> 351
(5,32) -> 352
(5,33) -> 353
(5,34) -> 354
(5,35) -> 355
(5,36) -> 356
(5,37) -> 357
(5,38) -> 358
(5,39) -> 359
(5,40) -> 360
(5,41) -> 361
(5,42) -> 362
(5,43) -> 363
(5,44) -> 364
(5,45) -> 365
(5,46) -> 366
(5,47) -> 367
(5,48) -> 368
(5,49) -> 369
(5,50) -> 370
(5,51) -> 371
(5,52) -> 372
(5,53) -> 373
(5,54) -> 374
(5,55) -> 375
(5,56) -> 376
(5,57) -> 377
(5,58) -> 378
(5,59) -> 379
(5,60) -> 380
(5,61) -> 381
(5,62) -> 382
(5,63) -> 383
(6,0) -> 384
(6,1) -> 385
(6,2) -> 386
(6,3) -> 387
(6,4) -> 388
(6,5) -> 389
(6,6) -> 390
(6,7) -> 391
(6,8) -> 392
(6,9) -> 393
(6,10) -> 394
(6,11) -> 395
(6,12) -> 396
(6,13) -> 397
(6,14) -> 398
(6,15) -> 399
(6,16) -> 400
(6,17) -> 401
(6,18) -> 402
(6,19) -> 403
(6,20) -> 404
(6,21) -> 405
(6,22) -> 406
(6,23) -> 407
(6,24) -> 408
(6,25) -> 409
(6,26) -> 410
(6,27) -> 411
(6,28) -> 412
(6,29) -> 413
(6,30) -> 414
(6,31) -> 415
(6,32) -> 416
(6,33) -> 417
(6,34) -> 418
(6,35) -> 419
(6,36) -> 420
(6,37) -> 421
(6,38) -> 422
(6,39) -> 423
(6,40) -> 424
(6,41) -> 425
(6,42) -> 426
(6,43) -> 427
(6,44) -> 428
(6,45) -> 429
(6,46) -> 430
(6,47) -> 431
(6,48) -> 432
(6,49) -> 433
(6,50) -> 434
(6,51) -> 435
(6,52) -> 436
(6,53) -> 437
(6,54) -> 438
(6,55) -> 439
(6,56) -> 440
(6,57) -> 441
(6,58) -> 442
(6,59) -> 443
(6,60) -> 444
(6,61) -> 445
(6,62) -> 446
(6,63) -> 447
(7,0) -> 448
(7,1) -> 449
(7,2) -> 450
(7,3) -> 451
(7,4) -> 452
(7,5) -> 453
(7,6) -> 454
(7,7) -> 455
(7,8) -> 456
(7,9) -> 457
(7,10) -> 458
(7,11) -> 459
(7,12) -> 460
(7,13) -> 461
(7,14) -> 462
(7,15) -> 463
(7,16) -> 464
(7,17) -> 465
(7,18) -> 466
(7,19) -> 467
(7,20) -> 468
(7,21) -> 469
(7,22) -> 470
(7,23) -> 471
(7,24) -> 472
(7,25) -> 473
(7,26) -> 474
(7,27) -> 475
(7,28) -> 476
(7,29) -> 477
(7,30) -> 478
(7,31) -> 479
(7,32) -> 480
(7,33) -> 481
(7,34) -> 482
(7,35) -> 483
(7,36) -> 484
(7,37) -> 485
(7,38) -> 486
(7,39) -> 487
(7,40) -> 488
(7,41) -> 489
(7,42) -> 490
(7,43) -> 491
(7,44) -> 492
(7,45) -> 493
(7,46) -> 494
(7,47) -> 495
(7,48) -> 496
(7,49) -> 497
(7,50) -> 498
(7,51) -> 499
(7,52) -> 500
(7,53) -> 501
(7,54) -> 502
(7,55) -> 503
(7,56) -> 504
(7,57) -> 505
(7,58) -> 506
(7,59) -> 507
(7,60) -> 508
(7,61) -> 509
(7,62) -> 510
(7,63) -> 511
(8,0) -> 512
(8,1) -> 513
(8,2) -> 514
(8,3) -> 515
(8,4) -> 516
(8,5) -> 517
(8,6) -> 518
(8,7) -> 519
(8,8) -> 520
(8,9) -> 521
(8,10) -> 522
(8,11) -> 523
(8,12) -> 524
(8,13) -> 525
(8,14) -> 526
(8,15) -> 527
(8,16) -> 528
(8,17) -> 529
(8,18) -> 530
(8,19) -> 531
(8,20) -> 532
(8,21) -> 533
(8,22) -> 534
(8,23) -> 535
(8,24) -> 536
(8,25) -> 537
(8,26) -> 538
(8,27) -> 539
(8,28) -> 540
(8,29) -> 541
(8,30) -> 542
(8,31) -> 543
(8,32) -> 544
(8,33) -> 545
(8,34) -> 546
(8,35) -> 547
(8,36) -> 548
(8,37) -> 549
(8,38) -> 550
(8,39) -> 551
(8,40) -> 552
(8,41) -> 553
(8,42) -> 554
(8,43) -> 555
(8,44) -> 556
(8,45) -> 557
(8,46) -> 558
(8,47) -> 559
(8,48) -> 560
(8,49) -> 561
(8,50) -> 562
(8,51) -> 563
(8,52) -> 564
(8,53) -> 565
(8,54) -> 566
(8,55) -> 567
(8,56) -> 568
(8,57) -> 569
(8,58) -> 570
(8,59) -> 571
(8,60) -> 572
(8,61) -> 573
(8,62) -> 574
(8,63) -> 575
(9,0) -> 576
(9,1) -> 577
(9,2) -> 578
(9,3) -> 579
(9,4) -> 580
(9,5) -> 581
(9,6) -> 582
(9,7) -> 583
(9,8) -> 584
(9,9) -> 585
(9,10) -> 586
(9,11) -> 587
(9,12) -> 588
(9,13) -> 589
(9,14) -> 590
(9,15) -> 591
(9,16) -> 592
(9,17) -> 593
(9,18) -> 594
(9,19) -> 595
(9,20) -> 596
(9,21) -> 597
(9,22) -> 598
(9,23) -> 599
(9,24) -> 600
(9,25) -> 601
(9,26) -> 602
(9,27) -> 603
(9,28) -> 604
(9,29) -> 605
(9,30) -> 606
(9,31) -> 607
(9,32) -> 608
(9,33) -> 609
(9,34) -> 610
(9,35) -> 611
(9,36) -> 612
(9,37) -> 613
(9,38) -> 614
(9,39) -> 615
(9,40) -> 616
(9,41) -> 617
(9,42) -> 618
(9,43) -> 619
(9,44) -> 620
(9,45) -> 621
(9,46) -> 622
(9,47) -> 623
(9,48) -> 624
(9,49) -> 625
(9,50) -> 626
(9,51) -> 627
(9,52) -> 628
(9,53) -> 629
(9,54) -> 630
(9,55) -> 631
(9,56) -> 632
(9,57) -> 633
(9,58) -> 634
(9,59) -> 635
(9,60) -> 636
(9,61) -> 637
(9,62) -> 638
(9,63) -> 639
(10,0) -> 640
(10,1) -> 641
(10,2) -> 642
(10,3) -> 643
(10,4) -> 644
(10,5) -> 645
(10,6) -> 646
(10,7) -> 647
(10,8) -> 648
(10,9) -> 649
(10,10) -> 650
(10,11) -> 651
(10,12) -> 652
(10,13) -> 653
(10,14) -> 654
(10,15) -> 655
(10,16) -> 656
(10,17) -> 657
(10,18) -> 658
(10,19) -> 659
(10,20) -> 660
(10,21) -> 661
(10,22) -> 662
(10,23) -> 663
(10,24) -> 664
(10,25) -> 665
(10,26) -> 666
(10,27) -> 667
(10,28) -> 668
(10,29) -> 669
(10,30) -> 670
(10,31) -> 671
(10,32) -> 672
(10,33) -> 673
(10,34) -> 674
(10,35) -> 675
(10,36) -> 676
(10,37) -> 677
(10,38) -> 678
(10,39) -> 679
(10,40) -> 680
(10,41) -> 681
(10,42) -> 682
(10,43) -> 683
(10,44) -> 684
(10,45) -> 685
(10,46) -> 686
(10,47) -> 687
(10,48) -> 688
(10,49) -> 689
(10,50) -> 690
(10,51) -> 691
(10,52) -> 692
(10,53) -> 693
(10,54) -> 694
(10,55) -> 695
(10,56) -> 696
(10,57) -> 697
(10,58) -> 698
(10,59) -> 699
(10,60) -> 700
(10,61) -> 701
(10,62) -> 702
(10,63) -> 703
(11,0) -> 704
(11,1) -> 705
(11,2) -> 706
(11,3) -> 707
(11,4) -> 708
(11,5) -> 709
(11,6) -> 710
(11,7) -> 711
(11,8) -> 712
(11,9) -> 713
(11,10) -> 714
(11,11) -> 715
(11,12) -> 716
(11,13) -> 717
(11,14) -> 718
(11,15) -> 719
(11,16) -> 720
(11,17) -> 721
(11,18) -> 722
(11,19) -> 723
(11,20) -> 724
(11,21) -> 725
(11,22) -> 726
(11,23) -> 727
(11,24) -> 728
(11,25) -> 729
(11,26) -> 730
(11,27) -> 731
(11,28) -> 732
(11,29) -> 733
(11,30) -> 734
(11,31) -> 735
(11,32) -> 736
(11,33) -> 737
(11,34) -> 738
(11,35) -> 739
(11,36) -> 740
(11,37) -> 741
(11,38) -> 742
(11,39) -> 743
(11,40) -> 744
(11,41) -> 745
(11,42) -> 746
(11,43) -> 747
(11,44) -> 748
(11,45) -> 749
(11,46) -> 750
(11,47) -> 751
(11,48) -> 752
(11,49) -> 753
(11,50) -> 754
(11,51) -> 755
(11,52) -> 756
(11,53) -> 757
(11,54) -> 758
(11,55) -> 759
(11,56) -> 760
(11,57) -> 761
(11,58) -> 762
(11,59) -> 763
(11,60) -> 764
(11,61) -> 765
(11,62) -> 766
(11,63) -> 767
(12,0) -> 768
(12,1) -> 769
(12,2) -> 770
(12,3) -> 771
(12,4) -> 772
(12,5) -> 773
(12,6) -> 774
(12,7) -> 775
(12,8) -> 776
(12,9) -> 777
(12,10) -> 778
(12,11) -> 779
(12,12) -> 780
(12,13) -> 781
(12,14) -> 782
(12,15) -> 783
(12,16) -> 784
(12,17) -> 785
(12,18) -> 786
(12,19) -> 787
(12,20) -> 788
(12,21) -> 789
(12,22) -> 790
(12,23) -> 791
(12,24) -> 792
(12,25) -> 793
(12,26) -> 794
(12,27) -> 795
(12,28) -> 796
(12,29) -> 797
(12,30) -> 798
(12,31) -> 799
(12,32) -> 800
(12,33) -> 801
(12,34) -> 802
(12,35) -> 803
(12,36) -> 804
(12,37) -> 805
(12,38) -> 806
(12,39) -> 807
(12,40) -> 808
(12,41) -> 809
(12,42) -> 810
(12,43) -> 811
(12,44) -> 812
(12,45) -> 813
(12,46) -> 814
(12,47) -> 815
(12,48) -> 816
(12,49) -> 817
(12,50) -> 818
(12,51) -> 819
(12,52) -> 820
(12,53) -> 821
(12,54) -> 822
(12,55) -> 823
(12,56) -> 824
(12,57) -> 825
(12,58) -> 826
(12,59) -> 827
(12,60) -> 828
(12,61) -> 829
(12,62) -> 830
(12,63) -> 831
(13,0) -> 832
(13,1) -> 833
(13,2) -> 834
(13,3) -> 835
(13,4) -> 836
(13,5) -> 837
(13,6) -> 838
(13,7) -> 839
(13,8) -> 840
(13,9) -> 841
(13,10) -> 842
(13,11) -> 843
(13,12) -> 844
(13,13) -> 845
(13,14) -> 846
(13,15) -> 847
(13,16) -> 848
(13,17) -> 849
(13,18) -> 850
(13,19) -> 851
(13,20) -> 852
(13,21) -> 853
(13,22) -> 854
(13,23) -> 855
(13,24) -> 856
(13,25) -> 857
(13,26) -> 858
(13,27) -> 859
(13,28) -> 860
(13,29) -> 861
(13,30) -> 862
(13,31) -> 863
(13,32) -> 864
(13,33) -> 865
(13,34) -> 866
(13,35) -> 867
(13,36) -> 868
(13,37) -> 869
(13,38) -> 870
(13,39) -> 871
(13,40) -> 872
(13,41) -> 873
(13,42) -> 874
(13,43) -> 875
(13,44) -> 876
(13,45) -> 877
(13,46) -> 878
(13,47) -> 879
(13,48) -> 880
(13,49) -> 881
(13,50) -> 882
(13,51) -> 883
(13,52) -> 884
(13,53) -> 885
(13,54) -> 886
(13,55) -> 887
(13,56) -> 888
(13,57) -> 889
(13,58) -> 890
(13,59) -> 891
(13,60) -> 892
(13,61) -> 893
(13,62) -> 894
(13,63) -> 895
(14,0) -> 896
(14,1) -> 897
(14,2) -> 898
(14,3) -> 899
(14,4) -> 900
(14,5) -> 901
(14,6) -> 902
(14,7) -> 903
(14,8) -> 904
(14,9) -> 905
(14,10) -> 906
(14,11) -> 907
(14,12) -> 908
(14,13) -> 909
(14,14) -> 910
(14,15) -> 911
(14,16) -> 912
(14,17) -> 913
(14,18) -> 914
(14,19) -> 915
(14,20) -> 916
(14,21) -> 917
(14,22) -> 918
(14,23) -> 919
(14,24) -> 920
(14,25) -> 921
(14,26) -> 922
(14,27) -> 923
(14,28) -> 924
(14,29) -> 925
(14,30) -> 926
(14,31) -> 927
(14,32) -> 928
(14,33) -> 929
(14,34) -> 930
(14,35) -> 931
(14,36) -> 932
(14,37) -> 933
(14,38) -> 934
(14,39) -> 935
(14,40) -> 936
(14,41) -> 937
(14,42) -> 938
(14,43) -> 939
(14,44) -> 940
(14,45) -> 941
(14,46) -> 942
(14,47) -> 943
(14,48) -> 944
(14,49) -> 945
(14,50) -> 946
(14,51) -> 947
(14,52) -> 948
(14,53) -> 949
(14,54) -> 950
(14,55) -> 951
(14,56) -> 952
(14,57) -> 953
(14,58) -> 954
(14,59) -> 955
(14,60) -> 956
(14,61) -> 957
(14,62) -> 958
(14,63) -> 959
(15,0) -> 960
(15,1) -> 961
(15,2) -> 962
(15,3) -> 963
(15,4) -> 964
(15,5) -> 965
(15,6) -> 966
(15,7) -> 967
(15,8) -> 968
(15,9) -> 969
(15,10) -> 970
(15,11) -> 971
(15,12) -> 972
(15,13) -> 973
(15,14) -> 974
(15,15) -> 975
(15,16) -> 976
(15,17) -> 977
(15,18) -> 978
(15,19) -> 979
(15,20) -> 980
(15,21) -> 981
(15,22) -> 982
(15,23) -> 983
(15,24) -> 984
(15,25) -> 985
(15,26) -> 986
(15,27) -> 987
(15,28) -> 988
(15,29) -> 989
(15,30) -> 990
(15,31) -> 991
(15,32) -> 992
(15,33) -> 993
(15,34) -> 994
(15,35) -> 995
(15,36) -> 996
(15,37) -> 997
(15,38) -> 998
(15,39) -> 999
(15,40) -> 1000
(15,41) -> 1001
(15,42) -> 1002
(15,43) -> 1003
(15,44) -> 1004
(15,45) -> 1005
(15,46) -> 1006
(15,47) -> 1007
(15,48) -> 1008
(15,49) -> 1009
(15,50) -> 1010
(15,51) -> 1011
(15,52) -> 1012
(15,53) -> 1013
(15,54) -> 1014
(15,55) -> 1015
(15,56) -> 1016
(15,57) -> 1017
(15,58) -> 1018
(15,59) -> 1019
(15,60) -> 1020
(15,61) -> 1021
(15,62) -> 1022
(15,63) -> 1023
(16,0) -> 1024
(16,1) -> 1025
(16,2) -> 1026
(16,3) -> 1027
(16,4) -> 1028
(16,5) -> 1029
(16,6) -> 1030
(16,7) -> 1031
(16,8) -> 1032
(16,9) -> 1033
(16,10) -> 1034
(16,11) -> 1035
(16,12) -> 1036
(16,13) -> 1037
(16,14) -> 1038
(16,15) -> 1039
(16,16) -> 1040
(16,17) -> 1041
(16,18) -> 1042
(16,19) -> 1043
(16,20) -> 1044
(16,21) -> 1045
(16,22) -> 1046
(16,23) -> 1047
(16,24) -> 1048
(16,25) -> 1049
(16,26) -> 1050
(16,27) -> 1051
(16,28) -> 1052
(16,29) -> 1053
(16,30) -> 1054
(16,31) -> 1055
(16,32) -> 1056
(16,33) -> 1057
(16,34) -> 1058
(16,35) -> 1059
(16,36) -> 1060
(16,37) -> 1061
(16,38) -> 1062
(16,39) -> 1063
(16,40) -> 1064
(16,41) -> 1065
(16,42) -> 1066
(16,43) -> 1067
(16,44) -> 1068
(16,45) -> 1069
(16,46) -> 1070
(16,47) -> 1071
(16,48) -> 1072
(16,49) -> 1073
(16,50) -> 1074
(16,51) -> 1075
(16,52) -> 1076
(16,53) -> 1077
(16,54) -> 1078
(16,55) -> 1079
(16,56) -> 1080
(16,57) -> 1081
(16,58) -> 1082
(16,59) -> 1083
(16,60) -> 1084
(16,61) -> 1085
(16,62) -> 1086
(16,63) -> 1087
(17,0) -> 1088
(17,1) -> 1089
(17,2) -> 1090
(17,3) -> 1091
(17,4) -> 1092
(17,5) -> 1093
(17,6) -> 1094
(17,7) -> 1095
(17,8) -> 1096
(17,9) -> 1097
(17,10) -> 1098
(17,11) -> 1099
(17,12) -> 1100
(17,13) -> 1101
(17,14) -> 1102
(17,15) -> 1103
(17,16) -> 1104
(17,17) -> 1105
(17,18) -> 1106
(17,19) -> 1107
(17,20) -> 1108
(17,21) -> 1109
(17,22) -> 1110
(17,23) -> 1111
(17,24) -> 1112
(17,25) -> 1113
(17,26) -> 1114
(17,27) -> 1115
(17,28) -> 1116
(17,29) -> 1117
(17,30) -> 1118
(17,31) -> 1119
(17,32) -> 1120
(17,33) -> 1121
(17,34) -> 1122
(17,35) -> 1123
(17,36) -> 1124
(17,37) -> 1125
(17,38) -> 1126
(17,39) -> 1127
(17,40) -> 1128
(17,41) -> 1129
(17,42) -> 1130
(17,43) -> 1131
(17,44) -> 1132
(17,45) -> 1133
(17,46) -> 1134
(17,47) -> 1135
(17,48) -> 1136
(17,49) -> 1137
(17,50) -> 1138
(17,51) -> 1139
(17,52) -> 1140
(17,53) -> 1141
(17,54) -> 1142
(17,55) -> 1143
(17,56) -> 1144
(17,57) -> 1145
(17,58) -> 1146
(17,59) -> 1147
(17,60) -> 1148
(17,61) -> 1149
(17,62) -> 1150
(17,63) -> 1151
(18,0) -> 1152
(18,1) -> 1153
(18,2) -> 1154
(18,3) -> 1155
(18,4) -> 1156
(18,5) -> 1157
(18,6) -> 1158
(18,7) -> 1159
(18,8) -> 1160
(18,9) -> 1161
(18,10) -> 1162
(18,11) -> 1163
(18,12) -> 1164
(18,13) -> 1165
(18,14) -> 1166
(18,15) -> 1167
(18,16) -> 1168
(18,17) -> 1169
(18,18) -> 1170
(18,19) -> 1171
(18,20) -> 1172
(18,21) -> 1173
(18,22) -> 1174
(18,23) -> 1175
(18,24) -> 1176
(18,25) -> 1177
(18,26) -> 1178
(18,27) -> 1179
(18,28) -> 1180
(18,29) -> 1181
(18,30) -> 1182
(18,31) -> 1183
(18,32) -> 1184
(18,33) -> 1185
(18,34) -> 1186
(18,35) -> 1187
(18,36) -> 1188
(18,37) -> 1189
(18,38) -> 1190
(18,39) -> 1191
(18,40) -> 1192
(18,41) -> 1193
(18,42) -> 1194
(18,43) -> 1195
(18,44) -> 1196
(18,45) -> 1197
(18,46) -> 1198
(18,47) -> 1199
(18,48) -> 1200
(18,49) -> 1201
(18,50) -> 1202
(18,51) -> 1203
(18,52) -> 1204
(18,53) -> 1205
(18,54) -> 1206
(18,55) -> 1207
(18,56) -> 1208
(18,57) -> 1209
(18,58) -> 1210
(18,59) -> 1211
(18,60) -> 1212
(18,61) -> 1213
(18,62) -> 1214
(18,63) -> 1215
(19,0) -> 1216
(19,1) -> 1217
(19,2) -> 1218
(19,3) -> 1219
(19,4) -> 1220
(19,5) -> 1221
(19,6) -> 1222
(19,7) -> 1223
(19,8) -> 1224
(19,9) -> 1225
(19,10) -> 1226
(19,11) -> 1227
(19,12) -> 1228
(19,13) -> 1229
(19,14) -> 1230
(19,15) -> 1231
(19,16) -> 1232
(19,17) -> 1233
(19,18) -> 1234
(19,19) -> 1235
(19,20) -> 1236
(19,21) -> 1237
(19,22) -> 1238
(19,23) -> 1239
(19,24) -> 1240
(19,25) -> 1241
(19,26) -> 1242
(19,27) -> 1243
(19,28) -> 1244
(19,29) -> 1245
(19,30) -> 1246
(19,31) -> 1247
(19,32) -> 1248
(19,33) -> 1249
(19,34) -> 1250
(19,35) -> 1251
(19,36) -> 1252
(19,37) -> 1253
(19,38) -> 1254
(19,39) -> 1255
(19,40) -> 1256
(19,41) -> 1257
(19,42) -> 1258
(19,43) -> 1259
(19,44) -> 1260
(19,45) -> 1261
(19,46) -> 1262
(19,47) -> 1263
(19,48) -> 1264
(19,49) -> 1265
(19,50) -> 1266
(19,51) -> 1267
(19,52) -> 1268
(19,53) -> 1269
(19,54) -> 1270
(19,55) -> 1271
(19,56) -> 1272
(19,57) -> 1273
(19,58) -> 1274
(19,59) -> 1275
(19,60) -> 1276
(19,61) -> 1277
(19,62) -> 1278
(19,63) -> 1279
(20,0) -> 1280
(20,1) -> 1281
(20,2) -> 1282
(20,3) -> 1283
(20,4) -> 1284
(20,5) -> 1285
(20,6) -> 1286
(20,7) -> 1287
(20,8) -> 1288
(20,9) -> 1289
(20,10) -> 1290
(20,11) -> 1291
(20,12) -> 1292
(20,13) -> 1293
(20,14) -> 1294
(20,15) -> 1295
(20,16) -> 1296
(20,17) -> 1297
(20,18) -> 1298
(20,19) -> 1299
(20,20) -> 1300
(20,21) -> 1301
(20,22) -> 1302
(20,23) -> 1303
(20,24) -> 1304
(20,25) -> 1305
(20,26) -> 1306
(20,27) -> 1307
(20,28) -> 1308
(20,29) -> 1309
(20,30) -> 1310
(20,31) -> 1311
(20,32) -> 1312
(20,33) -> 1313
(20,34) -> 1314
(20,35) -> 1315
(20,36) -> 1316
(20,37) -> 1317
(20,38) -> 1318
(20,39) -> 1319
(20,40) -> 1320
(20,41) -> 1321
(20,42) -> 1322
(20,43) -> 1323
(20,44) -> 1324
(20,45) -> 1325
(20,46) -> 1326
(20,47) -> 1327
(20,48) -> 1328
(20,49) -> 1329
(20,50) -> 1330
(20,51) -> 1331
(20,52) -> 1332
(20,53) -> 1333
(20,54) -> 1334
(20,55) -> 1335
(20,56) -> 1336
(20,57) -> 1337
(20,58) -> 1338
(20,59) -> 1339
(20,60) -> 1340
(20,61) -> 1341
(20,62) -> 1342
(20,63) -> 1343
(21,0) -> 1344
(21,1) -> 1345
(21,2) -> 1346
(21,3) -> 1347
(21,4) -> 1348
(21,5) -> 1349
(21,6) -> 1350
(21,7) -> 1351
(21,8) -> 1352
(21,9) -> 1353
(21,10) -> 1354
(21,11) -> 1355
(21,12) -> 1356
(21,13) -> 1357
(21,14) -> 1358
(21,15) -> 1359
(21,16) -> 1360
(21,17) -> 1361
(21,18) -> 1362
(21,19) -> 1363
(21,20) -> 1364
(21,21) -> 1365
(21,22) -> 1366
(21,23) -> 1367
(21,24) -> 1368
(21,25) -> 1369
(21,26) -> 1370
(21,27) -> 1371
(21,28) -> 1372
(21,29) -> 1373
(21,30) -> 1374
(21,31) -> 1375
(21,32) -> 1376
(21,33) -> 1377
(21,34) -> 1378
(21,35) -> 1379
(21,36) -> 1380
(21,37) -> 1381
(21,38) -> 1382
(21,39) -> 1383
(21,40) -> 1384
(21,41) -> 1385
(21,42) -> 1386
(21,43) -> 1387
(21,44) -> 1388
(21,45) -> 1389
(21,46) -> 1390
(21,47) -> 1391
(21,48) -> 1392
(21,49) -> 1393
(21,50) -> 1394
(21,51) -> 1395
(21,52) -> 1396
(21,53) -> 1397
(21,54) -> 1398
(21,55) -> 1399
(21,56) -> 1400
(21,57) -> 1401
(21,58) -> 1402
(21,59) -> 1403
(21,60) -> 1404
(21,61) -> 1405
(21,62) -> 1406
(21,63) -> 1407
(22,0) -> 1408
(22,1) -> 1409
(22,2) -> 1410
(22,3) -> 1411
(22,4) -> 1412
(22,5) -> 1413
(22,6) -> 1414
(22,7) -> 1415
(22,8) -> 1416
(22,9) -> 1417
(22,10) -> 1418
(22,11) -> 1419
(22,12) -> 1420
(22,13) -> 1421
(22,14) -> 1422
(22,15) -> 1423
(22,16) -> 1424
(22,17) -> 1425
(22,18) -> 1426
(22,19) -> 1427
(22,20) -> 1428
(22,21) -> 1429
(22,22) -> 1430
(22,23) -> 1431
(22,24) -> 1432
(22,25) -> 1433
(22,26) -> 1434
(22,27) -> 1435
(22,28) -> 1436
(22,29) -> 1437
(22,30) -> 1438
(22,31) -> 1439
(22,32) -> 1440
(22,33) -> 1441
(22,34) -> 1442
(22,35) -> 1443
(22,36) -> 1444
(22,37) -> 1445
(22,38) -> 1446
(22,39) -> 1447
(22,40) -> 1448
(22,41) -> 1449
(22,42) -> 1450
(22,43) -> 1451
(22,44) -> 1452
(22,45) -> 1453
(22,46) -> 1454
(22,47) -> 1455
(22,48) -> 1456
(22,49) -> 1457
(22,50) -> 1458
(22,51) -> 1459
(22,52) -> 1460
(22,53) -> 1461
(22,54) -> 1462
(22,55) -> 1463
(22,56) -> 1464
(22,57) -> 1465
(22,58) -> 1466
(22,59) -> 1467
(22,60) -> 1468
(22,61) -> 1469
(22,62) -> 1470
(22,63) -> 1471
(23,0) -> 1472
(23,1) -> 1473
(23,2) -> 1474
(23,3) -> 1475
(23,4) -> 1476
(23,5) -> 1477
(23,6) -> 1478
(23,7) -> 1479
(23,8) -> 1480
(23,9) -> 1481
(23,10) -> 1482
(23,11) -> 1483
(23,12) -> 1484
(23,13) -> 1485
(23,14) -> 1486
(23,15) -> 1487
(23,16) -> 1488
(23,17) -> 1489
(23,18) -> 1490
(23,19) -> 1491
(23,20) -> 1492
(23,21) -> 1493
(23,22) -> 1494
(23,23) -> 1495
(23,24) -> 1496
(23,25) -> 1497
(23,26) -> 1498
(23,27) -> 1499
(23,28) -> 1500
(23,29) -> 1501
(23,30) -> 1502
(23,31) -> 1503
(23,32) -> 1504
(23,33) -> 1505
(23,34) -> 1506
(23,35) -> 1507
(23,36) -> 1508
(23,37) -> 1509
(23,38) -> 1510
(23,39) -> 1511
(23,40) -> 1512
(23,41) -> 1513
(23,42) -> 1514
(23,43) -> 1515
(23,44) -> 1516
(23,45) -> 1517
(23,46) -> 1518
(23,47) -> 1519
(23,48) -> 1520
(23,49) -> 1521
(23,50) -> 1522
(23,51) -> 1523
(23,52) -> 1524
(23,53) -> 1525
(23,54) -> 1526
(23,55) -> 1527
(23,56) -> 1528
(23,57) -> 1529
(23,58) -> 1530
(23,59) -> 1531
(23,60) -> 1532
(23,61) -> 1533
(23,62) -> 1534
(23,63) -> 1535
(24,0) -> 1536
(24,1) -> 1537
(24,2) -> 1538
(24,3) -> 1539
(24,4) -> 1540
(24,5) -> 1541
(24,6) -> 1542
(24,7) -> 1543
(24,8) -> 1544
(24,9) -> 1545
(24,10) -> 1546
(24,11) -> 1547
(24,12) -> 1548
(24,13) -> 1549
(24,14) -> 1550
(24,15) -> 1551
(24,16) -> 1552
(24,17) -> 1553
(24,18) -> 1554
(24,19) -> 1555
(24,20) -> 1556
(24,21) -> 1557
(24,22) -> 1558
(24,23) -> 1559
(24,24) -> 1560
(24,25) -> 1561
(24,26) -> 1562
(24,27) -> 1563
(24,28) -> 1564
(24,29) -> 1565
(24,30) -> 1566
(24,31) -> 1567
(24,32) -> 1568
(24,33) -> 1569
(24,34) -> 1570
(24,35) -> 1571
(24,36) -> 1572
(24,37) -> 1573
(24,38) -> 1574
(24,39) -> 1575
(24,40) -> 1576
(24,41) -> 1577
(24,42) -> 1578
(24,43) -> 1579
(24,44) -> 1580
(24,45) -> 1581
(24,46) -> 1582
(24,47) -> 1583
(24,48) -> 1584
(24,49) -> 1585
(24,50) -> 1586
(24,51) -> 1587
(24,52) -> 1588
(24,53) -> 1589
(24,54) -> 1590
(24,55) -> 1591
(24,56) -> 1592
(24,57) -> 1593
(24,58) -> 1594
(24,59) -> 1595
(24,60) -> 1596
(24,61) -> 1597
(24,62) -> 1598
(24,63) -> 1599
(25,0) -> 1600
(25,1) -> 1601
(25,2) -> 1602
(25,3) -> 1603
(25,4) -> 1604
(25,5) -> 1605
(25,6) -> 1606
(25,7) -> 1607
(25,8) -> 1608
(25,9) -> 1609
(25,10) -> 1610
(25,11) -> 1611
(25,12) -> 1612
(25,13) -> 1613
(25,14) -> 1614
(25,15) -> 1615
(25,16) -> 1616
(25,17) -> 1617
(25,18) -> 1618
(25,19) -> 1619
(25,20) -> 1620
(25,21) -> 1621
(25,22) -> 1622
(25,23) -> 1623
(25,24) -> 1624
(25,25) -> 1625
(25,26) -> 1626
(25,27) -> 1627
(25,28) -> 1628
(25,29) -> 1629
(25,30) -> 1630
(25,31) -> 1631
(25,32) -> 1632
(25,33) -> 1633
(25,34) -> 1634
(25,35) -> 1635
(25,36) -> 1636
(25,37) -> 1637
(25,38) -> 1638
(25,39) -> 1639
(25,40) -> 1640
(25,41) -> 1641
(25,42) -> 1642
(25,43) -> 1643
(25,44) -> 1644
(25,45) -> 1645
(25,46) -> 1646
(25,47) -> 1647
(25,48) -> 1648
(25,49) -> 1649
(25,50) -> 1650
(25,51) -> 1651
(25,52) -> 1652
(25,53) -> 1653
(25,54) -> 1654
(25,55) -> 1655
(25,56) -> 1656
(25,57) -> 1657
(25,58) -> 1658
(25,59) -> 1659
(25,60) -> 1660
(25,61) -> 1661
(25,62) -> 1662
(25,63) -> 1663
(26,0) -> 1664
(26,1) -> 1665
(26,2) -> 1666
(26,3) -> 1667
(26,4) -> 1668
(26,5) -> 1669
(26,6) -> 1670
(26,7) -> 1671
(26,8) -> 1672
(26,9) -> 1673
(26,10) -> 1674
(26,11) -> 1675
(26,12) -> 1676
(26,13) -> 1677
(26,14) -> 1678
(26,15) -> 1679
(26,16) -> 1680
(26,17) -> 1681
(26,18) -> 1682
(26,19) -> 1683
(26,20) -> 1684
(26,21) -> 1685
(26,22) -> 1686
(26,23) -> 1687
(26,24) -> 1688
(26,25) -> 1689
(26,26) -> 1690
(26,27) -> 1691
(26,28) -> 1692
(26,29) -> 1693
(26,30) -> 1694
(26,31) -> 1695
(26,32) -> 1696
(26,33) -> 1697
(26,34) -> 1698
(26,35) -> 1699
(26,36) -> 1700
(26,37) -> 1701
(26,38) -> 1702
(26,39) -> 1703
(26,40) -> 1704
(26,41) -> 1705
(26,42) -> 1706
(26,43) -> 1707
(26,44) -> 1708
(26,45) -> 1709
(26,46) -> 1710
(26,47) -> 1711
(26,48) -> 1712
(26,49) -> 1713
(26,50) -> 1714
(26,51) -> 1715
(26,52) -> 1716
(26,53) -> 1717
(26,54) -> 1718
(26,55) -> 1719
(26,56) -> 1720
(26,57) -> 1721
(26,58) -> 1722
(26,59) -> 1723
(26,60) -> 1724
(26,61) -> 1725
(26,62) -> 1726
(26,63) -> 1727
(27,0) -> 1728
(27,1) -> 1729
(27,2) -> 1730
(27,3) -> 1731
(27,4) -> 1732
(27,5) -> 1733
(27,6) -> 1734
(27,7) -> 1735
(27,8) -> 1736
(27,9) -> 1737
(27,10) -> 1738
(27,11) -> 1739
(27,12) -> 1740
(27,13) -> 1741
(27,14) -> 1742
(27,15) -> 1743
(27,16) -> 1744
(27,17) -> 1745
(27,18) -> 1746
(27,19) -> 1747
(27,20) -> 1748
(27,21) -> 1749
(27,22) -> 1750
(27,23) -> 1751
(27,24) -> 1752
(27,25) -> 1753
(27,26) -> 1754
(27,27) -> 1755
(27,28) -> 1756
(27,29) -> 1757
(27,30) -> 1758
(27,31) -> 1759
(27,32) -> 1760
(27,33) -> 1761
(27,34) -> 1762
(27,35) -> 1763
(27,36) -> 1764
(27,37) -> 1765
(27,38) -> 1766
(27,39) -> 1767
(27,40) -> 1768
(27,41) -> 1769
(27,42) -> 1770
(27,43) -> 1771
(27,44) -> 1772
(27,45) -> 1773
(27,46) -> 1774
(27,47) -> 1775
(27,48) -> 1776
(27,49) -> 1777
(27,50) -> 1778
(27,51) -> 1779
(27,52) -> 1780
(27,53) -> 1781
(27,54) -> 1782
(27,55) -> 1783
(27,56) -> 1784
(27,57) -> 1785
(27,58) -> 1786
(27,59) -> 1787
(27,60) -> 1788
(27,61) -> 1789
(27,62) -> 1790
(27,63) -> 1791
(28,0) -> 1792
(28,1) -> 1793
(28,2) -> 1794
(28,3) -> 1795
(28,4) -> 1796
(28,5) -> 1797
(28,6) -> 1798
(28,7) -> 1799
(28,8) -> 1800
(28,9) -> 1801
(28,10) -> 1802
(28,11) -> 1803
(28,12) -> 1804
(28,13) -> 1805
(28,14) -> 1806
(28,15) -> 1807
(28,16) -> 1808
(28,17) -> 1809
(28,18) -> 1810
(28,19) -> 1811
(28,20) -> 1812
(28,21) -> 1813
(28,22) -> 1814
(28,23) -> 1815
(28,24) -> 1816
(28,25) -> 1817
(28,26) -> 1818
(28,27) -> 1819
(28,28) -> 1820
(28,29) -> 1821
(28,30) -> 1822
(28,31) -> 1823
(28,32) -> 1824
(28,33) -> 1825
(28,34) -> 1826
(28,35) -> 1827
(28,36) -> 1828
(28,37) -> 1829
(28,38) -> 1830
(28,39) -> 1831
(28,40) -> 1832
(28,41) -> 1833
(28,42) -> 1834
(28,43) -> 1835
(28,44) -> 1836
(28,45) -> 1837
(28,46) -> 1838
(28,47) -> 1839
(28,48) -> 1840
(28,49) -> 1841
(28,50) -> 1842
(28,51) -> 1843
(28,52) -> 1844
(28,53) -> 1845
(28,54) -> 1846
(28,55) -> 1847
(28,56) -> 1848
(28,57) -> 1849
(28,58) -> 1850
(28,59) -> 1851
(28,60) -> 1852
(28,61) -> 1853
(28,62) -> 1854
(28,63) -> 1855
(29,0) -> 1856
(29,1) -> 1857
(29,2) -> 1858
(29,3) -> 1859
(29,4) -> 1860
(29,5) -> 1861
(29,6) -> 1862
(29,7) -> 1863
(29,8) -> 1864
(29,9) -> 1865
(29,10) -> 1866
(29,11) -> 1867
(29,12) -> 1868
(29,13) -> 1869
(29,14) -> 1870
(29,15) -> 1871
(29,16) -> 1872
(29,17) -> 1873
(29,18) -> 1874
(29,19) -> 1875
(29,20) -> 1876
(29,21) -> 1877
(29,22) -> 1878
(29,23) -> 1879
(29,24) -> 1880
(29,25) -> 1881
(29,26) -> 1882
(29,27) -> 1883
(29,28) -> 1884
(29,29) -> 1885
(29,30) -> 1886
(29,31) -> 1887
(29,32) -> 1888
(29,33) -> 1889
(29,34) -> 1890
(29,35) -> 1891
(29,36) -> 1892
(29,37) -> 1893
(29,38) -> 1894
(29,39) -> 1895
(29,40) -> 1896
(29,41) -> 1897
(29,42) -> 1898
(29,43) -> 1899
(29,44) -> 1900
(29,45) -> 1901
(29,46) -> 1902
(29,47) -> 1903
(29,48) -> 1904
(29,49) -> 1905
(29,50) -> 1906
(29,51) -> 1907
(29,52) -> 1908
(29,53) -> 1909
(29,54) -> 1910
(29,55) -> 1911
(29,56) -> 1912
(29,57) -> 1913
(29,58) -> 1914
(29,59) -> 1915
(29,60) -> 1916
(29,61) -> 1917
(29,62) -> 1918
(29,63) -> 1919
(30,0) -> 1920
(30,1) -> 1921
(30,2) -> 1922
(30,3) -> 1923
(30,4) -> 1924
(30,5) -> 1925
(30,6) -> 1926
(30,7) -> 1927
(30,8) -> 1928
(30,9) -> 1929
(30,10) -> 1930
(30,11) -> 1931
(30,12) -> 1932
(30,13) -> 1933
(30,14) -> 1934
(30,15) -> 1935
(30,16) -> 1936
(30,17) -> 1937
(30,18) -> 1938
(30,19) -> 1939
(30,20) -> 1940
(30,21) -> 1941
(30,22) -> 1942
(30,23) -> 1943
(30,24) -> 1944
(30,25) -> 1945
(30,26) -> 1946
(30,27) -> 1947
(30,28) -> 1948
(30,29) -> 1949
(30,30) -> 1950
(30,31) -> 1951
(30,32) -> 1952
(30,33) -> 1953
(30,34) -> 1954
(30,35) -> 1955
(30,36) -> 1956
(30,37) -> 1957
(30,38) -> 1958
(30,39) -> 1959
(30,40) -> 1960
(30,41) -> 1961
(30,42) -> 1962
(30,43) -> 1963
(30,44) -> 1964
(30,45) -> 1965
(30,46) -> 1966
(30,47) -> 1967
(30,48) -> 1968
(30,49) -> 1969
(30,50) -> 1970
(30,51) -> 1971
(30,52) -> 1972
(30,53) -> 1973
(30,54) -> 1974
(30,55) -> 1975
(30,56) -> 1976
(30,57) -> 1977
(30,58) -> 1978
(30,59) -> 1979
(30,60) -> 1980
(30,61) -> 1981
(30,62) -> 1982
(30,63) -> 1983
(31,0) -> 1984
(31,1) -> 1985
(31,2) -> 1986
(31,3) -> 1987
(31,4) -> 1988
(31,5) -> 1989
(31,6) -> 1990
(31,7) -> 1991
(31,8) -> 1992
(31,9) -> 1993
(31,10) -> 1994
(31,11) -> 1995
(31,12) -> 1996
(31,13) -> 1997
(31,14) -> 1998
(31,15) -> 1999
(31,16) -> 2000
(31,17) -> 2001
(31,18) -> 2002
(31,19) -> 2003
(31,20) -> 2004
(31,21) -> 2005
(31,22) -> 2006
(31,23) -> 2007
(31,24) -> 2008
(31,25) -> 2009
(31,26) -> 2010
(31,27) -> 2011
(31,28) -> 2012
(31,29) -> 2013
(31,30) -> 2014
(31,31) -> 2015
(31,32) -> 2016
(31,33) -> 2017
(31,34) -> 2018
(31,35) -> 2019
(31,36) -> 2020
(31,37) -> 2021
(31,38) -> 2022
(31,39) -> 2023
(31,40) -> 2024
(31,41) -> 2025
(31,42) -> 2026
(31,43) -> 2027
(31,44) -> 2028
(31,45) -> 2029
(31,46) -> 2030
(31,47) -> 2031
(31,48) -> 2032
(31,49) -> 2033
(31,50) -> 2034
(31,51) -> 2035
(31,52) -> 2036
(31,53) -> 2037
(31,54) -> 2038
(31,55) -> 2039
(31,56) -> 2040
(31,57) -> 2041
(31,58) -> 2042
(31,59) -> 2043
(31,60) -> 2044
(31,61) -> 2045
(31,62) -> 2046
(31,63) -> 2047
(32,0) -> 2048
(32,1) -> 2049
(32,2) -> 2050
(32,3) -> 2051
(32,4) -> 2052
(32,5) -> 2053
(32,6) -> 2054
(32,7) -> 2055
(32,8) -> 2056
(32,9) -> 2057
(32,10) -> 2058
(32,11) -> 2059
(32,12) -> 2060
(32,13) -> 2061
(32,14) -> 2062
(32,15) -> 2063
(32,16) -> 2064
(32,17) -> 2065
(32,18) -> 2066
(32,19) -> 2067
(32,20) -> 2068
(32,21) -> 2069
(32,22) -> 2070
(32,23) -> 2071
(32,24) -> 2072
(32,25) -> 2073
(32,26) -> 2074
(32,27) -> 2075
(32,28) -> 2076
(32,29) -> 2077
(32,30) -> 2078
(32,31) -> 2079
(32,32) -> 2080
(32,33) -> 2081
(32,34) -> 2082
(32,35) -> 2083
(32,36) -> 2084
(32,37) -> 2085
(32,38) -> 2086
(32,39) -> 2087
(32,40) -> 2088
(32,41) -> 2089
(32,42) -> 2090
(32,43) -> 2091
(32,44) -> 2092
(32,45) -> 2093
(32,46) -> 2094
(32,47) -> 2095
(32,48) -> 2096
(32,49) -> 2097
(32,50) -> 2098
(32,51) -> 2099
(32,52) -> 2100
(32,53) -> 2101
(32,54) -> 2102
(32,55) -> 2103
(32,56) -> 2104
(32,57) -> 2105
(32,58) -> 2106
(32,59) -> 2107
(32,60) -> 2108
(32,61) -> 2109
(32,62) -> 2110
(32,63) -> 2111
(33,0) -> 2112
(33,1) -> 2113
(33,2) -> 2114
(33,3) -> 2115
(33,4) -> 2116
(33,5) -> 2117
(33,6) -> 2118
(33,7) -> 2119
(33,8) -> 2120
(33,9) -> 2121
(33,10) -> 2122
(33,11) -> 2123
(33,12) -> 2124
(33,13) -> 2125
(33,14) -> 2126
(33,15) -> 2127
(33,16) -> 2128
(33,17) -> 2129
(33,18) -> 2130
(33,19) -> 2131
(33,20) -> 2132
(33,21) -> 2133
(33,22) -> 2134
(33,23) -> 2135
(33,24) -> 2136
(33,25) -> 2137
(33,26) -> 2138
(33,27) -> 2139
(33,28) -> 2140
(33,29) -> 2141
(33,30) -> 2142
(33,31) -> 2143
(33,32) -> 2144
(33,33) -> 2145
(33,34) -> 2146
(33,35) -> 2147
(33,36) -> 2148
(33,37) -> 2149
(33,38) -> 2150
(33,39) -> 2151
(33,40) -> 2152
(33,41) -> 2153
(33,42) -> 2154
(33,43) -> 2155
(33,44) -> 2156
(33,45) -> 2157
(33,46) -> 2158
(33,47) -> 2159
(33,48) -> 2160
(33,49) -> 2161
(33,50) -> 2162
(33,51) -> 2163
(33,52) -> 2164
(33,53) -> 2165
(33,54) -> 2166
(33,55) -> 2167
(33,56) -> 2168
(33,57) -> 2169
(33,58) -> 2170
(33,59) -> 2171
(33,60) -> 2172
(33,61) -> 2173
(33,62) -> 2174
(33,63) -> 2175
(34,0) -> 2176
(34,1) -> 2177
(34,2) -> 2178
(34,3) -> 2179
(34,4) -> 2180
(34,5) -> 2181
(34,6) -> 2182
(34,7) -> 2183
(34,8) -> 2184
(34,9) -> 2185
(34,10) -> 2186
(34,11) -> 2187
(34,12) -> 2188
(34,13) -> 2189
(34,14) -> 2190
(34,15) -> 2191
(34,16) -> 2192
(34,17) -> 2193
(34,18) -> 2194
(34,19) -> 2195
(34,20) -> 2196
(34,21) -> 2197
(34,22) -> 2198
(34,23) -> 2199
(34,24) -> 2200
(34,25) -> 2201
(34,26) -> 2202
(34,27) -> 2203
(34,28) -> 2204
(34,29) -> 2205
(34,30) -> 2206
(34,31) -> 2207
(34,32) -> 2208
(34,33) -> 2209
(34,34) -> 2210
(34,35) -> 2211
(34,36) -> 2212
(34,37) -> 2213
(34,38) -> 2214
(34,39) -> 2215
(34,40) -> 2216
(34,41) -> 2217
(34,42) -> 2218
(34,43) -> 2219
(34,44) -> 2220
(34,45) -> 2221
(34,46) -> 2222
(34,47) -> 2223
(34,48) -> 2224
(34,49) -> 2225
(34,50) -> 2226
(34,51) -> 2227
(34,52) -> 2228
(34,53) -> 2229
(34,54) -> 2230
(34,55) -> 2231
(34,56) -> 2232
(34,57) -> 2233
(34,58) -> 2234
(34,59) -> 2235
(34,60) -> 2236
(34,61) -> 2237
(34,62) -> 2238
(34,63) -> 2239
(35,0) -> 2240
(35,1) -> 2241
(35,2) -> 2242
(35,3) -> 2243
(35,4) -> 2244
(35,5) -> 2245
(35,6) -> 2246
(35,7) -> 2247
(35,8) -> 2248
(35,9) -> 2249
(35,10) -> 2250
(35,11) -> 2251
(35,12) -> 2252
(35,13) -> 2253
(35,14) -> 2254
(35,15) -> 2255
(35,16) -> 2256
(35,17) -> 2257
(35,18) -> 2258
(35,19) -> 2259
(35,20) -> 2260
(35,21) -> 2261
(35,22) -> 2262
(35,23) -> 2263
(35,24) -> 2264
(35,25) -> 2265
(35,26) -> 2266
(35,27) -> 2267
(35,28) -> 2268
(35,29) -> 2269
(35,30) -> 2270
(35,31) -> 2271
(35,32) -> 2272
(35,33) -> 2273
(35,34) -> 2274
(35,35) -> 2275
(35,36) -> 2276
(35,37) -> 2277
(35,38) -> 2278
(35,39) -> 2279
(35,40) -> 2280
(35,41) -> 2281
(35,42) -> 2282
(35,43) -> 2283
(35,44) -> 2284
(35,45) -> 2285
(35,46) -> 2286
(35,47) -> 2287
(35,48) -> 2288
(35,49) -> 2289
(35,50) -> 2290
(35,51) -> 2291
(35,52) -> 2292
(35,53) -> 2293
(35,54) -> 2294
(35,55) -> 2295
(35,56) -> 2296
(35,57) -> 2297
(35,58) -> 2298
(35,59) -> 2299
(35,60) -> 2300
(35,61) -> 2301
(35,62) -> 2302
(35,63) -> 2303
(36,0) -> 2304
(36,1) -> 2305
(36,2) -> 2306
(36,3) -> 2307
(36,4) -> 2308
(36,5) -> 2309
(36,6) -> 2310
(36,7) -> 2311
(36,8) -> 2312
(36,9) -> 2313
(36,10) -> 2314
(36,11) -> 2315
(36,12) -> 2316
(36,13) -> 2317
(36,14) -> 2318
(36,15) -> 2319
(36,16) -> 2320
(36,17) -> 2321
(36,18) -> 2322
(36,19) -> 2323
(36,20) -> 2324
(36,21) -> 2325
(36,22) -> 2326
(36,23) -> 2327
(36,24) -> 2328
(36,25) -> 2329
(36,26) -> 2330
(36,27) -> 2331
(36,28) -> 2332
(36,29) -> 2333
(36,30) -> 2334
(36,31) -> 2335
(36,32) -> 2336
(36,33) -> 2337
(36,34) -> 2338
(36,35) -> 2339
(36,36) -> 2340
(36,37) -> 2341
(36,38) -> 2342
(36,39) -> 2343
(36,40) -> 2344
(36,41) -> 2345
(36,42) -> 2346
(36,43) -> 2347
(36,44) -> 2348
(36,45) -> 2349
(36,46) -> 2350
(36,47) -> 2351
(36,48) -> 2352
(36,49) -> 2353
(36,50) -> 2354
(36,51) -> 2355
(36,52) -> 2356
(36,53) -> 2357
(36,54) -> 2358
(36,55) -> 2359
(36,56) -> 2360
(36,57) -> 2361
(36,58) -> 2362
(36,59) -> 2363
(36,60) -> 2364
(36,61) -> 2365
(36,62) -> 2366
(36,63) -> 2367
(37,0) -> 2368
(37,1) -> 2369
(37,2) -> 2370
(37,3) -> 2371
(37,4) -> 2372
(37,5) -> 2373
(37,6) -> 2374
(37,7) -> 2375
(37,8) -> 2376
(37,9) -> 2377
(37,10) -> 2378
(37,11) -> 2379
(37,12) -> 2380
(37,13) -> 2381
(37,14) -> 2382
(37,15) -> 2383
(37,16) -> 2384
(37,17) -> 2385
(37,18) -> 2386
(37,19) -> 2387
(37,20) -> 2388
(37,21) -> 2389
(37,22) -> 2390
(37,23) -> 2391
(37,24) -> 2392
(37,25) -> 2393
(37,26) -> 2394
(37,27) -> 2395
(37,28) -> 2396
(37,29) -> 2397
(37,30) -> 2398
(37,31) -> 2399
(37,32) -> 2400
(37,33) -> 2401
(37,34) -> 2402
(37,35) -> 2403
(37,36) -> 2404
(37,37) -> 2405
(37,38) -> 2406
(37,39) -> 2407
(37,40) -> 2408
(37,41) -> 2409
(37,42) -> 2410
(37,43) -> 2411
(37,44) -> 2412
(37,45) -> 2413
(37,46) -> 2414
(37,47) -> 2415
(37,48) -> 2416
(37,49) -> 2417
(37,50) -> 2418
(37,51) -> 2419
(37,52) -> 2420
(37,53) -> 2421
(37,54) -> 2422
(37,55) -> 2423
(37,56) -> 2424
(37,57) -> 2425
(37,58) -> 2426
(37,59) -> 2427
(37,60) -> 2428
(37,61) -> 2429
(37,62) -> 2430
(37,63) -> 2431
(38,0) -> 2432
(38,1) -> 2433
(38,2) -> 2434
(38,3) -> 2435
(38,4) -> 2436
(38,5) -> 2437
(38,6) -> 2438
(38,7) -> 2439
(38,8) -> 2440
(38,9) -> 2441
(38,10) -> 2442
(38,11) -> 2443
(38,12) -> 2444
(38,13) -> 2445
(38,14) -> 2446
(38,15) -> 2447
(38,16) -> 2448
(38,17) -> 2449
(38,18) -> 2450
(38,19) -> 2451
(38,20) -> 2452
(38,21) -> 2453
(38,22) -> 2454
(38,23) -> 2455
(38,24) -> 2456
(38,25) -> 2457
(38,26) -> 2458
(38,27) -> 2459
(38,28) -> 2460
(38,29) -> 2461
(38,30) -> 2462
(38,31) -> 2463
(38,32) -> 2464
(38,33) -> 2465
(38,34) -> 2466
(38,35) -> 2467
(38,36) -> 2468
(38,37) -> 2469
(38,38) -> 2470
(38,39) -> 2471
(38,40) -> 2472
(38,41) -> 2473
(38,42) -> 2474
(38,43) -> 2475
(38,44) -> 2476
(38,45) -> 2477
(38,46) -> 2478
(38,47) -> 2479
(38,48) -> 2480
(38,49) -> 2481
(38,50) -> 2482
(38,51) -> 2483
(38,52) -> 2484
(38,53) -> 2485
(38,54) -> 2486
(38,55) -> 2487
(38,56) -> 2488
(38,57) -> 2489
(38,58) -> 2490
(38,59) -> 2491
(38,60) -> 2492
(38,61) -> 2493
(38,62) -> 2494
(38,63) -> 2495
(39,0) -> 2496
(39,1) -> 2497
(39,2) -> 2498
(39,3) -> 2499
(39,4) -> 2500
(39,5) -> 2501
(39,6) -> 2502
(39,7) -> 2503
(39,8) -> 2504
(39,9) -> 2505
(39,10) -> 2506
(39,11) -> 2507
(39,12) -> 2508
(39,13) -> 2509
(39,14) -> 2510
(39,15) -> 2511
(39,16) -> 2512
(39,17) -> 2513
(39,18) -> 2514
(39,19) -> 2515
(39,20) -> 2516
(39,21) -> 2517
(39,22) -> 2518
(39,23) -> 2519
(39,24) -> 2520
(39,25) -> 2521
(39,26) -> 2522
(39,27) -> 2523
(39,28) -> 2524
(39,29) -> 2525
(39,30) -> 2526
(39,31) -> 2527
(39,32) -> 2528
(39,33) -> 2529
(39,34) -> 2530
(39,35) -> 2531
(39,36) -> 2532
(39,37) -> 2533
(39,38) -> 2534
(39,39) -> 2535
(39,40) -> 2536
(39,41) -> 2537
(39,42) -> 2538
(39,43) -> 2539
(39,44) -> 2540
(39,45) -> 2541
(39,46) -> 2542
(39,47) -> 2543
(39,48) -> 2544
(39,49) -> 2545
(39,50) -> 2546
(39,51) -> 2547
(39,52) -> 2548
(39,53) -> 2549
(39,54) -> 2550
(39,55) -> 2551
(39,56) -> 2552
(39,57) -> 2553
(39,58) -> 2554
(39,59) -> 2555
(39,60) -> 2556
(39,61) -> 2557
(39,62) -> 2558
(39,63) -> 2559
(40,0) -> 2560
(40,1) -> 2561
(40,2) -> 2562
(40,3) -> 2563
(40,4) -> 2564
(40,5) -> 2565
(40,6) -> 2566
(40,7) -> 2567
(40,8) -> 2568
(40,9) -> 2569
(40,10) -> 2570
(40,11) -> 2571
(40,12) -> 2572
(40,13) -> 2573
(40,14) -> 2574
(40,15) -> 2575
(40,16) -> 2576
(40,17) -> 2577
(40,18) -> 2578
(40,19) -> 2579
(40,20) -> 2580
(40,21) -> 2581
(40,22) -> 2582
(40,23) -> 2583
(40,24) -> 2584
(40,25) -> 2585
(40,26) -> 2586
(40,27) -> 2587
(40,28) -> 2588
(40,29) -> 2589
(40,30) -> 2590
(40,31) -> 2591
(40,32) -> 2592
(40,33) -> 2593
(40,34) -> 2594
(40,35) -> 2595
(40,36) -> 2596
(40,37) -> 2597
(40,38) -> 2598
(40,39) -> 2599
(40,40) -> 2600
(40,41) -> 2601
(40,42) -> 2602
(40,43) -> 2603
(40,44) -> 2604
(40,45) -> 2605
(40,46) -> 2606
(40,47) -> 2607
(40,48) -> 2608
(40,49) -> 2609
(40,50) -> 2610
(40,51) -> 2611
(40,52) -> 2612
(40,53) -> 2613
(40,54) -> 2614
(40,55) -> 2615
(40,56) -> 2616
(40,57) -> 2617
(40,58) -> 2618
(40,59) -> 2619
(40,60) -> 2620
(40,61) -> 2621
(40,62) -> 2622
(40,63) -> 2623
(41,0) -> 2624
(41,1) -> 2625
(41,2) -> 2626
(41,3) -> 2627
(41,4) -> 2628
(41,5) -> 2629
(41,6) -> 2630
(41,7) -> 2631
(41,8) -> 2632
(41,9) -> 2633
(41,10) -> 2634
(41,11) -> 2635
(41,12) -> 2636
(41,13) -> 2637
(41,14) -> 2638
(41,15) -> 2639
(41,16) -> 2640
(41,17) -> 2641
(41,18) -> 2642
(41,19) -> 2643
(41,20) -> 2644
(41,21) -> 2645
(41,22) -> 2646
(41,23) -> 2647
(41,24) -> 2648
(41,25) -> 2649
(41,26) -> 2650
(41,27) -> 2651
(41,28) -> 2652
(41,29) -> 2653
(41,30) -> 2654
(41,31) -> 2655
(41,32) -> 2656
(41,33) -> 2657
(41,34) -> 2658
(41,35) -> 2659
(41,36) -> 2660
(41,37) -> 2661
(41,38) -> 2662
(41,39) -> 2663
(41,40) -> 2664
(41,41) -> 2665
(41,42) -> 2666
(41,43) -> 2667
(41,44) -> 2668
(41,45) -> 2669
(41,46) -> 2670
(41,47) -> 2671
(41,48) -> 2672
(41,49) -> 2673
(41,50) -> 2674
(41,51) -> 2675
(41,52) -> 2676
(41,53) -> 2677
(41,54) -> 2678
(41,55) -> 2679
(41,56) -> 2680
(41,57) -> 2681
(41,58) -> 2682
(41,59) -> 2683
(41,60) -> 2684
(41,61) -> 2685
(41,62) -> 2686
(41,63) -> 2687
(42,0) -> 2688
(42,1) -> 2689
(42,2) -> 2690
(42,3) -> 2691
(42,4) -> 2692
(42,5) -> 2693
(42,6) -> 2694
(42,7) -> 2695
(42,8) -> 2696
(42,9) -> 2697
(42,10) -> 2698
(42,11) -> 2699
(42,12) -> 2700
(42,13) -> 2701
(42,14) -> 2702
(42,15) -> 2703
(42,16) -> 2704
(42,17) -> 2705
(42,18) -> 2706
(42,19) -> 2707
(42,20) -> 2708
(42,21) -> 2709
(42,22) -> 2710
(42,23) -> 2711
(42,24) -> 2712
(42,25) -> 2713
(42,26) -> 2714
(42,27) -> 2715
(42,28) -> 2716
(42,29) -> 2717
(42,30) -> 2718
(42,31) -> 2719
(42,32) -> 2720
(42,33) -> 2721
(42,34) -> 2722
(42,35) -> 2723
(42,36) -> 2724
(42,37) -> 2725
(42,38) -> 2726
(42,39) -> 2727
(42,40) -> 2728
(42,41) -> 2729
(42,42) -> 2730
(42,43) -> 2731
(42,44) -> 2732
(42,45) -> 2733
(42,46) -> 2734
(42,47) -> 2735
(42,48) -> 2736
(42,49) -> 2737
(42,50) -> 2738
(42,51) -> 2739
(42,52) -> 2740
(42,53) -> 2741
(42,54) -> 2742
(42,55) -> 2743
(42,56) -> 2744
(42,57) -> 2745
(42,58) -> 2746
(42,59) -> 2747
(42,60) -> 2748
(42,61) -> 2749
(42,62) -> 2750
(42,63) -> 2751
(43,0) -> 2752
(43,1) -> 2753
(43,2) -> 2754
(43,3) -> 2755
(43,4) -> 2756
(43,5) -> 2757
(43,6) -> 2758
(43,7) -> 2759
(43,8) -> 2760
(43,9) -> 2761
(43,10) -> 2762
(43,11) -> 2763
(43,12) -> 2764
(43,13) -> 2765
(43,14) -> 2766
(43,15) -> 2767
(43,16) -> 2768
(43,17) -> 2769
(43,18) -> 2770
(43,19) -> 2771
(43,20) -> 2772
(43,21) -> 2773
(43,22) -> 2774
(43,23) -> 2775
(43,24) -> 2776
(43,25) -> 2777
(43,26) -> 2778
(43,27) -> 2779
(43,28) -> 2780
(43,29) -> 2781
(43,30) -> 2782
(43,31) -> 2783
(43,32) -> 2784
(43,33) -> 2785
(43,34) -> 2786
(43,35) -> 2787
(43,36) -> 2788
(43,37) -> 2789
(43,38) -> 2790
(43,39) -> 2791
(43,40) -> 2792
(43,41) -> 2793
(43,42) -> 2794
(43,43) -> 2795
(43,44) -> 2796
(43,45) -> 2797
(43,46) -> 2798
(43,47) -> 2799
(43,48) -> 2800
(43,49) -> 2801
(43,50) -> 2802
(43,51) -> 2803
(43,52) -> 2804
(43,53) -> 2805
(43,54) -> 2806
(43,55) -> 2807
(43,56) -> 2808
(43,57) -> 2809
(43,58) -> 2810
(43,59) -> 2811
(43,60) -> 2812
(43,61) -> 2813
(43,62) -> 2814
(43,63) -> 2815
(44,0) -> 2816
(44,1) -> 2817
(44,2) -> 2818
(44,3) -> 2819
(44,4) -> 2820
(44,5) -> 2821
(44,6) -> 2822
(44,7) -> 2823
(44,8) -> 2824
(44,9) -> 2825
(44,10) -> 2826
(44,11) -> 2827
(44,12) -> 2828
(44,13) -> 2829
(44,14) -> 2830
(44,15) -> 2831
(44,16) -> 2832
(44,17) -> 2833
(44,18) -> 2834
(44,19) -> 2835
(44,20) -> 2836
(44,21) -> 2837
(44,22) -> 2838
(44,23) -> 2839
(44,24) -> 2840
(44,25) -> 2841
(44,26) -> 2842
(44,27) -> 2843
(44,28) -> 2844
(44,29) -> 2845
(44,30) -> 2846
(44,31) -> 2847
(44,32) -> 2848
(44,33) -> 2849
(44,34) -> 2850
(44,35) -> 2851
(44,36) -> 2852
(44,37) -> 2853
(44,38) -> 2854
(44,39) -> 2855
(44,40) -> 2856
(44,41) -> 2857
(44,42) -> 2858
(44,43) -> 2859
(44,44) -> 2860
(44,45) -> 2861
(44,46) -> 2862
(44,47) -> 2863
(44,48) -> 2864
(44,49) -> 2865
(44,50) -> 2866
(44,51) -> 2867
(44,52) -> 2868
(44,53) -> 2869
(44,54) -> 2870
(44,55) -> 2871
(44,56) -> 2872
(44,57) -> 2873
(44,58) -> 2874
(44,59) -> 2875
(44,60) -> 2876
(44,61) -> 2877
(44,62) -> 2878
(44,63) -> 2879
(45,0) -> 2880
(45,1) -> 2881
(45,2) -> 2882
(45,3) -> 2883
(45,4) -> 2884
(45,5) -> 2885
(45,6) -> 2886
(45,7) -> 2887
(45,8) -> 2888
(45,9) -> 2889
(45,10) -> 2890
(45,11) -> 2891
(45,12) -> 2892
(45,13) -> 2893
(45,14) -> 2894
(45,15) -> 2895
(45,16) -> 2896
(45,17) -> 2897
(45,18) -> 2898
(45,19) -> 2899
(45,20) -> 2900
(45,21) -> 2901
(45,22) -> 2902
(45,23) -> 2903
(45,24) -> 2904
(45,25) -> 2905
(45,26) -> 2906
(45,27) -> 2907
(45,28) -> 2908
(45,29) -> 2909
(45,30) -> 2910
(45,31) -> 2911
(45,32) -> 2912
(45,33) -> 2913
(45,34) -> 2914
(45,35) -> 2915
(45,36) -> 2916
(45,37) -> 2917
(45,38) -> 2918
(45,39) -> 2919
(45,40) -> 2920
(45,41) -> 2921
(45,42) -> 2922
(45,43) -> 2923
(45,44) -> 2924
(45,45) -> 2925
(45,46) -> 2926
(45,47) -> 2927
(45,48) -> 2928
(45,49) -> 2929
(45,50) -> 2930
(45,51) -> 2931
(45,52) -> 2932
(45,53) -> 2933
(45,54) -> 2934
(45,55) -> 2935
(45,56) -> 2936
(45,57) -> 2937
(45,58) -> 2938
(45,59) -> 2939
(45,60) -> 2940
(45,61) -> 2941
(45,62) -> 2942
(45,63) -> 2943
(46,0) -> 2944
(46,1) -> 2945
(46,2) -> 2946
(46,3) -> 2947
(46,4) -> 2948
(46,5) -> 2949
(46,6) -> 2950
(46,7) -> 2951
(46,8) -> 2952
(46,9) -> 2953
(46,10) -> 2954
(46,11) -> 2955
(46,12) -> 2956
(46,13) -> 2957
(46,14) -> 2958
(46,15) -> 2959
(46,16) -> 2960
(46,17) -> 2961
(46,18) -> 2962
(46,19) -> 2963
(46,20) -> 2964
(46,21) -> 2965
(46,22) -> 2966
(46,23) -> 2967
(46,24) -> 2968
(46,25) -> 2969
(46,26) -> 2970
(46,27) -> 2971
(46,28) -> 2972
(46,29) -> 2973
(46,30) -> 2974
(46,31) -> 2975
(46,32) -> 2976
(46,33) -> 2977
(46,34) -> 2978
(46,35) -> 2979
(46,36) -> 2980
(46,37) -> 2981
(46,38) -> 2982
(46,39) -> 2983
(46,40) -> 2984
(46,41) -> 2985
(46,42) -> 2986
(46,43) -> 2987
(46,44) -> 2988
(46,45) -> 2989
(46,46) -> 2990
(46,47) -> 2991
(46,48) -> 2992
(46,49) -> 2993
(46,50) -> 2994
(46,51) -> 2995
(46,52) -> 2996
(46,53) -> 2997
(46,54) -> 2998
(46,55) -> 2999
(46,56) -> 3000
(46,57) -> 3001
(46,58) -> 3002
(46,59) -> 3003
(46,60) -> 3004
(46,61) -> 3005
(46,62) -> 3006
(46,63) -> 3007
(47,0) -> 3008
(47,1) -> 3009
(47,2) -> 3010
(47,3) -> 3011
(47,4) -> 3012
(47,5) -> 3013
(47,6) -> 3014
(47,7) -> 3015
(47,8) -> 3016
(47,9) -> 3017
(47,10) -> 3018
(47,11) -> 3019
(47,12) -> 3020
(47,13) -> 3021
(47,14) -> 3022
(47,15) -> 3023
(47,16) -> 3024
(47,17) -> 3025
(47,18) -> 3026
(47,19) -> 3027
(47,20) -> 3028
(47,21) -> 3029
(47,22) -> 3030
(47,23) -> 3031
(47,24) -> 3032
(47,25) -> 3033
(47,26) -> 3034
(47,27) -> 3035
(47,28) -> 3036
(47,29) -> 3037
(47,30) -> 3038
(47,31) -> 3039
(47,32) -> 3040
(47,33) -> 3041
(47,34) -> 3042
(47,35) -> 3043
(47,36) -> 3044
(47,37) -> 3045
(47,38) -> 3046
(47,39) -> 3047
(47,40) -> 3048
(47,41) -> 3049
(47,42) -> 3050
(47,43) -> 3051
(47,44) -> 3052
(47,45) -> 3053
(47,46) -> 3054
(47,47) -> 3055
(47,48) -> 3056
(47,49) -> 3057
(47,50) -> 3058
(47,51) -> 3059
(47,52) -> 3060
(47,53) -> 3061
(47,54) -> 3062
(47,55) -> 3063
(47,56) -> 3064
(47,57) -> 3065
(47,58) -> 3066
(47,59) -> 3067
(47,60) -> 3068
(47,61) -> 3069
(47,62) -> 3070
(47,63) -> 3071
(48,0) -> 3072
(48,1) -> 3073
(48,2) -> 3074
(48,3) -> 3075
(48,4) -> 3076
(48,5) -> 3077
(48,6) -> 3078
(48,7) -> 3079
(48,8) -> 3080
(48,9) -> 3081
(48,10) -> 3082
(48,11) -> 3083
(48,12) -> 3084
(48,13) -> 3085
(48,14) -> 3086
(48,15) -> 3087
(48,16) -> 3088
(48,17) -> 3089
(48,18) -> 3090
(48,19) -> 3091
(48,20) -> 3092
(48,21) -> 3093
(48,22) -> 3094
(48,23) -> 3095
(48,24) -> 3096
(48,25) -> 3097
(48,26) -> 3098
(48,27) -> 3099
(48,28) -> 3100
(48,29) -> 3101
(48,30) -> 3102
(48,31) -> 3103
(48,32) -> 3104
(48,33) -> 3105
(48,34) -> 3106
(48,35) -> 3107
(48,36) -> 3108
(48,37) -> 3109
(48,38) -> 3110
(48,39) -> 3111
(48,40) -> 3112
(48,41) -> 3113
(48,42) -> 3114
(48,43) -> 3115
(48,44) -> 3116
(48,45) -> 3117
(48,46) -> 3118
(48,47) -> 3119
(48,48) -> 3120
(48,49) -> 3121
(48,50) -> 3122
(48,51) -> 3123
(48,52) -> 3124
(48,53) -> 3125
(48,54) -> 3126
(48,55) -> 3127
(48,56) -> 3128
(48,57) -> 3129
(48,58) -> 3130
(48,59) -> 3131
(48,60) -> 3132
(48,61) -> 3133
(48,62) -> 3134
(48,63) -> 3135
(49,0) -> 3136
(49,1) -> 3137
(49,2) -> 3138
(49,3) -> 3139
(49,4) -> 3140
(49,5) -> 3141
(49,6) -> 3142
(49,7) -> 3143
(49,8) -> 3144
(49,9) -> 3145
(49,10) -> 3146
(49,11) -> 3147
(49,12) -> 3148
(49,13) -> 3149
(49,14) -> 3150
(49,15) -> 3151
(49,16) -> 3152
(49,17) -> 3153
(49,18) -> 3154
(49,19) -> 3155
(49,20) -> 3156
(49,21) -> 3157
(49,22) -> 3158
(49,23) -> 3159
(49,24) -> 3160
(49,25) -> 3161
(49,26) -> 3162
(49,27) -> 3163
(49,28) -> 3164
(49,29) -> 3165
(49,30) -> 3166
(49,31) -> 3167
(49,32) -> 3168
(49,33) -> 3169
(49,34) -> 3170
(49,35) -> 3171
(49,36) -> 3172
(49,37) -> 3173
(49,38) -> 3174
(49,39) -> 3175
(49,40) -> 3176
(49,41) -> 3177
(49,42) -> 3178
(49,43) -> 3179
(49,44) -> 3180
(49,45) -> 3181
(49,46) -> 3182
(49,47) -> 3183
(49,48) -> 3184
(49,49) -> 3185
(49,50) -> 3186
(49,51) -> 3187
(49,52) -> 3188
(49,53) -> 3189
(49,54) -> 3190
(49,55) -> 3191
(49,56) -> 3192
(49,57) -> 3193
(49,58) -> 3194
(49,59) -> 3195
(49,60) -> 3196
(49,61) -> 3197
(49,62) -> 3198
(49,63) -> 3199
(50,0) -> 3200
(50,1) -> 3201
(50,2) -> 3202
(50,3) -> 3203
(50,4) -> 3204
(50,5) -> 3205
(50,6) -> 3206
(50,7) -> 3207
(50,8) -> 3208
(50,9) -> 3209
(50,10) -> 3210
(50,11) -> 3211
(50,12) -> 3212
(50,13) -> 3213
(50,14) -> 3214
(50,15) -> 3215
(50,16) -> 3216
(50,17) -> 3217
(50,18) -> 3218
(50,19) -> 3219
(50,20) -> 3220
(50,21) -> 3221
(50,22) -> 3222
(50,23) -> 3223
(50,24) -> 3224
(50,25) -> 3225
(50,26) -> 3226
(50,27) -> 3227
(50,28) -> 3228
(50,29) -> 3229
(50,30) -> 3230
(50,31) -> 3231
(50,32) -> 3232
(50,33) -> 3233
(50,34) -> 3234
(50,35) -> 3235
(50,36) -> 3236
(50,37) -> 3237
(50,38) -> 3238
(50,39) -> 3239
(50,40) -> 3240
(50,41) -> 3241
(50,42) -> 3242
(50,43) -> 3243
(50,44) -> 3244
(50,45) -> 3245
(50,46) -> 3246
(50,47) -> 3247
(50,48) -> 3248
(50,49) -> 3249
(50,50) -> 3250
(50,51) -> 3251
(50,52) -> 3252
(50,53) -> 3253
(50,54) -> 3254
(50,55) -> 3255
(50,56) -> 3256
(50,57) -> 3257
(50,58) -> 3258
(50,59) -> 3259
(50,60) -> 3260
(50,61) -> 3261
(50,62) -> 3262
(50,63) -> 3263
(51,0) -> 3264
(51,1) -> 3265
(51,2) -> 3266
(51,3) -> 3267
(51,4) -> 3268
(51,5) -> 3269
(51,6) -> 3270
(51,7) -> 3271
(51,8) -> 3272
(51,9) -> 3273
(51,10) -> 3274
(51,11) -> 3275
(51,12) -> 3276
(51,13) -> 3277
(51,14) -> 3278
(51,15) -> 3279
(51,16) -> 3280
(51,17) -> 3281
(51,18) -> 3282
(51,19) -> 3283
(51,20) -> 3284
(51,21) -> 3285
(51,22) -> 3286
(51,23) -> 3287
(51,24) -> 3288
(51,25) -> 3289
(51,26) -> 3290
(51,27) -> 3291
(51,28) -> 3292
(51,29) -> 3293
(51,30) -> 3294
(51,31) -> 3295
(51,32) -> 3296
(51,33) -> 3297
(51,34) -> 3298
(51,35) -> 3299
(51,36) -> 3300
(51,37) -> 3301
(51,38) -> 3302
(51,39) -> 3303
(51,40) -> 3304
(51,41) -> 3305
(51,42) -> 3306
(51,43) -> 3307
(51,44) -> 3308
(51,45) -> 3309
(51,46) -> 3310
(51,47) -> 3311
(51,48) -> 3312
(51,49) -> 3313
(51,50) -> 3314
(51,51) -> 3315
(51,52) -> 3316
(51,53) -> 3317
(51,54) -> 3318
(51,55) -> 3319
(51,56) -> 3320
(51,57) -> 3321
(51,58) -> 3322
(51,59) -> 3323
(51,60) -> 3324
(51,61) -> 3325
(51,62) -> 3326
(51,63) -> 3327
(52,0) -> 3328
(52,1) -> 3329
(52,2) -> 3330
(52,3) -> 3331
(52,4) -> 3332
(52,5) -> 3333
(52,6) -> 3334
(52,7) -> 3335
(52,8) -> 3336
(52,9) -> 3337
(52,10) -> 3338
(52,11) -> 3339
(52,12) -> 3340
(52,13) -> 3341
(52,14) -> 3342
(52,15) -> 3343
(52,16) -> 3344
(52,17) -> 3345
(52,18) -> 3346
(52,19) -> 3347
(52,20) -> 3348
(52,21) -> 3349
(52,22) -> 3350
(52,23) -> 3351
(52,24) -> 3352
(52,25) -> 3353
(52,26) -> 3354
(52,27) -> 3355
(52,28) -> 3356
(52,29) -> 3357
(52,30) -> 3358
(52,31) -> 3359
(52,32) -> 3360
(52,33) -> 3361
(52,34) -> 3362
(52,35) -> 3363
(52,36) -> 3364
(52,37) -> 3365
(52,38) -> 3366
(52,39) -> 3367
(52,40) -> 3368
(52,41) -> 3369
(52,42) -> 3370
(52,43) -> 3371
(52,44) -> 3372
(52,45) -> 3373
(52,46) -> 3374
(52,47) -> 3375
(52,48) -> 3376
(52,49) -> 3377
(52,50) -> 3378
(52,51) -> 3379
(52,52) -> 3380
(52,53) -> 3381
(52,54) -> 3382
(52,55) -> 3383
(52,56) -> 3384
(52,57) -> 3385
(52,58) -> 3386
(52,59) -> 3387
(52,60) -> 3388
(52,61) -> 3389
(52,62) -> 3390
(52,63) -> 3391
(53,0) -> 3392
(53,1) -> 3393
(53,2) -> 3394
(53,3) -> 3395
(53,4) -> 3396
(53,5) -> 3397
(53,6) -> 3398
(53,7) -> 3399
(53,8) -> 3400
(53,9) -> 3401
(53,10) -> 3402
(53,11) -> 3403
(53,12) -> 3404
(53,13) -> 3405
(53,14) -> 3406
(53,15) -> 3407
(53,16) -> 3408
(53,17) -> 3409
(53,18) -> 3410
(53,19) -> 3411
(53,20) -> 3412
(53,21) -> 3413
(53,22) -> 3414
(53,23) -> 3415
(53,24) -> 3416
(53,25) -> 3417
(53,26) -> 3418
(53,27) -> 3419
(53,28) -> 3420
(53,29) -> 3421
(53,30) -> 3422
(53,31) -> 3423
(53,32) -> 3424
(53,33) -> 3425
(53,34) -> 3426
(53,35) -> 3427
(53,36) -> 3428
(53,37) -> 3429
(53,38) -> 3430
(53,39) -> 3431
(53,40) -> 3432
(53,41) -> 3433
(53,42) -> 3434
(53,43) -> 3435
(53,44) -> 3436
(53,45) -> 3437
(53,46) -> 3438
(53,47) -> 3439
(53,48) -> 3440
(53,49) -> 3441
(53,50) -> 3442
(53,51) -> 3443
(53,52) -> 3444
(53,53) -> 3445
(53,54) -> 3446
(53,55) -> 3447
(53,56) -> 3448
(53,57) -> 3449
(53,58) -> 3450
(53,59) -> 3451
(53,60) -> 3452
(53,61) -> 3453
(53,62) -> 3454
(53,63) -> 3455
(54,0) -> 3456
(54,1) -> 3457
(54,2) -> 3458
(54,3) -> 3459
(54,4) -> 3460
(54,5) -> 3461
(54,6) -> 3462
(54,7) -> 3463
(54,8) -> 3464
(54,9) -> 3465
(54,10) -> 3466
(54,11) -> 3467
(54,12) -> 3468
(54,13) -> 3469
(54,14) -> 3470
(54,15) -> 3471
(54,16) -> 3472
(54,17) -> 3473
(54,18) -> 3474
(54,19) -> 3475
(54,20) -> 3476
(54,21) -> 3477
(54,22) -> 3478
(54,23) -> 3479
(54,24) -> 3480
(54,25) -> 3481
(54,26) -> 3482
(54,27) -> 3483
(54,28) -> 3484
(54,29) -> 3485
(54,30) -> 3486
(54,31) -> 3487
(54,32) -> 3488
(54,33) -> 3489
(54,34) -> 3490
(54,35) -> 3491
(54,36) -> 3492
(54,37) -> 3493
(54,38) -> 3494
(54,39) -> 3495
(54,40) -> 3496
(54,41) -> 3497
(54,42) -> 3498
(54,43) -> 3499
(54,44) -> 3500
(54,45) -> 3501
(54,46) -> 3502
(54,47) -> 3503
(54,48) -> 3504
(54,49) -> 3505
(54,50) -> 3506
(54,51) -> 3507
(54,52) -> 3508
(54,53) -> 3509
(54,54) -> 3510
(54,55) -> 3511
(54,56) -> 3512
(54,57) -> 3513
(54,58) -> 3514
(54,59) -> 3515
(54,60) -> 3516
(54,61) -> 3517
(54,62) -> 3518
(54,63) -> 3519
(55,0) -> 3520
(55,1) -> 3521
(55,2) -> 3522
(55,3) -> 3523
(55,4) -> 3524
(55,5) -> 3525
(55,6) -> 3526
(55,7) -> 3527
(55,8) -> 3528
(55,9) -> 3529
(55,10) -> 3530
(55,11) -> 3531
(55,12) -> 3532
(55,13) -> 3533
(55,14) -> 3534
(55,15) -> 3535
(55,16) -> 3536
(55,17) -> 3537
(55,18) -> 3538
(55,19) -> 3539
(55,20) -> 3540
(55,21) -> 3541
(55,22) -> 3542
(55,23) -> 3543
(55,24) -> 3544
(55,25) -> 3545
(55,26) -> 3546
(55,27) -> 3547
(55,28) -> 3548
(55,29) -> 3549
(55,30) -> 3550
(55,31) -> 3551
(55,32) -> 3552
(55,33) -> 3553
(55,34) -> 3554
(55,35) -> 3555
(55,36) -> 3556
(55,37) -> 3557
(55,38) -> 3558
(55,39) -> 3559
(55,40) -> 3560
(55,41) -> 3561
(55,42) -> 3562
(55,43) -> 3563
(55,44) -> 3564
(55,45) -> 3565
(55,46) -> 3566
(55,47) -> 3567
(55,48) -> 3568
(55,49) -> 3569
(55,50) -> 3570
(55,51) -> 3571
(55,52) -> 3572
(55,53) -> 3573
(55,54) -> 3574
(55,55) -> 3575
(55,56) -> 3576
(55,57) -> 3577
(55,58) -> 3578
(55,59) -> 3579
(55,60) -> 3580
(55,61) -> 3581
(55,62) -> 3582
(55,63) -> 3583
(56,0) -> 3584
(56,1) -> 3585
(56,2) -> 3586
(56,3) -> 3587
(56,4) -> 3588
(56,5) -> 3589
(56,6) -> 3590
(56,7) -> 3591
(56,8) -> 3592
(56,9) -> 3593
(56,10) -> 3594
(56,11) -> 3595
(56,12) -> 3596
(56,13) -> 3597
(56,14) -> 3598
(56,15) -> 3599
(56,16) -> 3600
(56,17) -> 3601
(56,18) -> 3602
(56,19) -> 3603
(56,20) -> 3604
(56,21) -> 3605
(56,22) -> 3606
(56,23) -> 3607
(56,24) -> 3608
(56,25) -> 3609
(56,26) -> 3610
(56,27) -> 3611
(56,28) -> 3612
(56,29) -> 3613
(56,30) -> 3614
(56,31) -> 3615
(56,32) -> 3616
(56,33) -> 3617
(56,34) -> 3618
(56,35) -> 3619
(56,36) -> 3620
(56,37) -> 3621
(56,38) -> 3622
(56,39) -> 3623
(56,40) -> 3624
(56,41) -> 3625
(56,42) -> 3626
(56,43) -> 3627
(56,44) -> 3628
(56,45) -> 3629
(56,46) -> 3630
(56,47) -> 3631
(56,48) -> 3632
(56,49) -> 3633
(56,50) -> 3634
(56,51) -> 3635
(56,52) -> 3636
(56,53) -> 3637
(56,54) -> 3638
(56,55) -> 3639
(56,56) -> 3640
(56,57) -> 3641
(56,58) -> 3642
(56,59) -> 3643
(56,60) -> 3644
(56,61) -> 3645
(56,62) -> 3646
(56,63) -> 3647
(57,0) -> 3648
(57,1) -> 3649
(57,2) -> 3650
(57,3) -> 3651
(57,4) -> 3652
(57,5) -> 3653
(57,6) -> 3654
(57,7) -> 3655
(57,8) -> 3656
(57,9) -> 3657
(57,10) -> 3658
(57,11) -> 3659
(57,12) -> 3660
(57,13) -> 3661
(57,14) -> 3662
(57,15) -> 3663
(57,16) -> 3664
(57,17) -> 3665
(57,18) -> 3666
(57,19) -> 3667
(57,20) -> 3668
(57,21) -> 3669
(57,22) -> 3670
(57,23) -> 3671
(57,24) -> 3672
(57,25) -> 3673
(57,26) -> 3674
(57,27) -> 3675
(57,28) -> 3676
(57,29) -> 3677
(57,30) -> 3678
(57,31) -> 3679
(57,32) -> 3680
(57,33) -> 3681
(57,34) -> 3682
(57,35) -> 3683
(57,36) -> 3684
(57,37) -> 3685
(57,38) -> 3686
(57,39) -> 3687
(57,40) -> 3688
(57,41) -> 3689
(57,42) -> 3690
(57,43) -> 3691
(57,44) -> 3692
(57,45) -> 3693
(57,46) -> 3694
(57,47) -> 3695
(57,48) -> 3696
(57,49) -> 3697
(57,50) -> 3698
(57,51) -> 3699
(57,52) -> 3700
(57,53) -> 3701
(57,54) -> 3702
(57,55) -> 3703
(57,56) -> 3704
(57,57) -> 3705
(57,58) -> 3706
(57,59) -> 3707
(57,60) -> 3708
(57,61) -> 3709
(57,62) -> 3710
(57,63) -> 3711
(58,0) -> 3712
(58,1) -> 3713
(58,2) -> 3714
(58,3) -> 3715
(58,4) -> 3716
(58,5) -> 3717
(58,6) -> 3718
(58,7) -> 3719
(58,8) -> 3720
(58,9) -> 3721
(58,10) -> 3722
(58,11) -> 3723
(58,12) -> 3724
(58,13) -> 3725
(58,14) -> 3726
(58,15) -> 3727
(58,16) -> 3728
(58,17) -> 3729
(58,18) -> 3730
(58,19) -> 3731
(58,20) -> 3732
(58,21) -> 3733
(58,22) -> 3734
(58,23) -> 3735
(58,24) -> 3736
(58,25) -> 3737
(58,26) -> 3738
(58,27) -> 3739
(58,28) -> 3740
(58,29) -> 3741
(58,30) -> 3742
(58,31) -> 3743
(58,32) -> 3744
(58,33) -> 3745
(58,34) -> 3746
(58,35) -> 3747
(58,36) -> 3748
(58,37) -> 3749
(58,38) -> 3750
(58,39) -> 3751
(58,40) -> 3752
(58,41) -> 3753
(58,42) -> 3754
(58,43) -> 3755
(58,44) -> 3756
(58,45) -> 3757
(58,46) -> 3758
(58,47) -> 3759
(58,48) -> 3760
(58,49) -> 3761
(58,50) -> 3762
(58,51) -> 3763
(58,52) -> 3764
(58,53) -> 3765
(58,54) -> 3766
(58,55) -> 3767
(58,56) -> 3768
(58,57) -> 3769
(58,58) -> 3770
(58,59) -> 3771
(58,60) -> 3772
(58,61) -> 3773
(58,62) -> 3774
(58,63) -> 3775
(59,0) -> 3776
(59,1) -> 3777
(59,2) -> 3778
(59,3) -> 3779
(59,4) -> 3780
(59,5) -> 3781
(59,6) -> 3782
(59,7) -> 3783
(59,8) -> 3784
(59,9) -> 3785
(59,10) -> 3786
(59,11) -> 3787
(59,12) -> 3788
(59,13) -> 3789
(59,14) -> 3790
(59,15) -> 3791
(59,16) -> 3792
(59,17) -> 3793
(59,18) -> 3794
(59,19) -> 3795
(59,20) -> 3796
(59,21) -> 3797
(59,22) -> 3798
(59,23) -> 3799
(59,24) -> 3800
(59,25) -> 3801
(59,26) -> 3802
(59,27) -> 3803
(59,28) -> 3804
(59,29) -> 3805
(59,30) -> 3806
(59,31) -> 3807
(59,32) -> 3808
(59,33) -> 3809
(59,34) -> 3810
(59,35) -> 3811
(59,36) -> 3812
(59,37) -> 3813
(59,38) -> 3814
(59,39) -> 3815
(59,40) -> 3816
(59,41) -> 3817
(59,42) -> 3818
(59,43) -> 3819
(59,44) -> 3820
(59,45) -> 3821
(59,46) -> 3822
(59,47) -> 3823
(59,48) -> 3824
(59,49) -> 3825
(59,50) -> 3826
(59,51) -> 3827
(59,52) -> 3828
(59,53) -> 3829
(59,54) -> 3830
(59,55) -> 3831
(59,56) -> 3832
(59,57) -> 3833
(59,58) -> 3834
(59,59) -> 3835
(59,60) -> 3836
(59,61) -> 3837
(59,62) -> 3838
(59,63) -> 3839
(60,0) -> 3840
(60,1) -> 3841
(60,2) -> 3842
(60,3) -> 3843
(60,4) -> 3844
(60,5) -> 3845
(60,6) -> 3846
(60,7) -> 3847
(60,8) -> 3848
(60,9) -> 3849
(60,10) -> 3850
(60,11) -> 3851
(60,12) -> 3852
(60,13) -> 3853
(60,14) -> 3854
(60,15) -> 3855
(60,16) -> 3856
(60,17) -> 3857
(60,18) -> 3858
(60,19) -> 3859
(60,20) -> 3860
(60,21) -> 3861
(60,22) -> 3862
(60,23) -> 3863
(60,24) -> 3864
(60,25) -> 3865
(60,26) -> 3866
(60,27) -> 3867
(60,28) -> 3868
(60,29) -> 3869
(60,30) -> 3870
(60,31) -> 3871
(60,32) -> 3872
(60,33) -> 3873
(60,34) -> 3874
(60,35) -> 3875
(60,36) -> 3876
(60,37) -> 3877
(60,38) -> 3878
(60,39) -> 3879
(60,40) -> 3880
(60,41) -> 3881
(60,42) -> 3882
(60,43) -> 3883
(60,44) -> 3884
(60,45) -> 3885
(60,46) -> 3886
(60,47) -> 3887
(60,48) -> 3888
(60,49) -> 3889
(60,50) -> 3890
(60,51) -> 3891
(60,52) -> 3892
(60,53) -> 3893
(60,54) -> 3894
(60,55) -> 3895
(60,56) -> 3896
(60,57) -> 3897
(60,58) -> 3898
(60,59) -> 3899
(60,60) -> 3900
(60,61) -> 3901
(60,62) -> 3902
(60,63) -> 3903
(61,0) -> 3904
(61,1) -> 3905
(61,2) -> 3906
(61,3) -> 3907
(61,4) -> 3908
(61,5) -> 3909
(61,6) -> 3910
(61,7) -> 3911
(61,8) -> 3912
(61,9) -> 3913
(61,10) -> 3914
(61,11) -> 3915
(61,12) -> 3916
(61,13) -> 3917
(61,14) -> 3918
(61,15) -> 3919
(61,16) -> 3920
(61,17) -> 3921
(61,18) -> 3922
(61,19) -> 3923
(61,20) -> 3924
(61,21) -> 3925
(61,22) -> 3926
(61,23) -> 3927
(61,24) -> 3928
(61,25) -> 3929
(61,26) -> 3930
(61,27) -> 3931
(61,28) -> 3932
(61,29) -> 3933
(61,30) -> 3934
(61,31) -> 3935
(61,32) -> 3936
(61,33) -> 3937
(61,34) -> 3938
(61,35) -> 3939
(61,36) -> 3940
(61,37) -> 3941
(61,38) -> 3942
(61,39) -> 3943
(61,40) -> 3944
(61,41) -> 3945
(61,42) -> 3946
(61,43) -> 3947
(61,44) -> 3948
(61,45) -> 3949
(61,46) -> 3950
(61,47) -> 3951
(61,48) -> 3952
(61,49) -> 3953
(61,50) -> 3954
(61,51) -> 3955
(61,52) -> 3956
(61,53) -> 3957
(61,54) -> 3958
(61,55) -> 3959
(61,56) -> 3960
(61,57) -> 3961
(61,58) -> 3962
(61,59) -> 3963
(61,60) -> 3964
(61,61) -> 3965
(61,62) -> 3966
(61,63) -> 3967
(62,0) -> 3968
(62,1) -> 3969
(62,2) -> 3970
(62,3) -> 3971
(62,4) -> 3972
(62,5) -> 3973
(62,6) -> 3974
(62,7) -> 3975
(62,8) -> 3976
(62,9) -> 3977
(62,10) -> 3978
(62,11) -> 3979
(62,12) -> 3980
(62,13) -> 3981
(62,14) -> 3982
(62,15) -> 3983
(62,16) -> 3984
(62,17) -> 3985
(62,18) -> 3986
(62,19) -> 3987
(62,20) -> 3988
(62,21) -> 3989
(62,22) -> 3990
(62,23) -> 3991
(62,24) -> 3992
(62,25) -> 3993
(62,26) -> 3994
(62,27) -> 3995
(62,28) -> 3996
(62,29) -> 3997
(62,30) -> 3998
(62,31) -> 3999
(62,32) -> 4000
(62,33) -> 4001
(62,34) -> 4002
(62,35) -> 4003
(62,36) -> 4004
(62,37) -> 4005
(62,38) -> 4006
(62,39) -> 4007
(62,40) -> 4008
(62,41) -> 4009
(62,42) -> 4010
(62,43) -> 4011
(62,44) -> 4012
(62,45) -> 4013
(62,46) -> 4014
(62,47) -> 4015
(62,48) -> 4016
(62,49) -> 4017
(62,50) -> 4018
(62,51) -> 4019
(62,52) -> 4020
(62,53) -> 4021
(62,54) -> 4022
(62,55) -> 4023
(62,56) -> 4024
(62,57) -> 4025
(62,58) -> 4026
(62,59) -> 4027
(62,60) -> 4028
(62,61) -> 4029
(62,62) -> 4030
(62,63) -> 4031
(63,0) -> 4032
(63,1) -> 4033
(63,2) -> 4034
(63,3) -> 4035
(63,4) -> 4036
(63,5) -> 4037
(63,6) -> 4038
(63,7) -> 4039
(63,8) -> 4040
(63,9) -> 4041
(63,10) -> 4042
(63,11) -> 4043
(63,12) -> 4044
(63,13) -> 4045
(63,14) -> 4046
(63,15) -> 4047
(63,16) -> 4048
(63,17) -> 4049
(63,18) -> 4050
(63,19) -> 4051
(63,20) -> 4052
(63,21) -> 4053
(63,22) -> 4054
(63,23) -> 4055
(63,24) -> 4056
(63,25) -> 4057
(63,26) -> 4058
(63,27) -> 4059
(63,28) -> 4060
(63,29) -> 4061
(63,30) -> 4062
(63,31) -> 4063
(63,32) -> 4064
(63,33) -> 4065
(63,34) -> 4066
(63,35) -> 4067
(63,36) -> 4068
(63,37) -> 4069
(63,38) -> 4070
(63,39) -> 4071
(63,40) -> 4072
(63,41) -> 4073
(63,42) -> 4074
(63,43) -> 4075
(63,44) -> 4076
(63,45) -> 4077
(63,46) -> 4078
(63,47) -> 4079
(63,48) -> 4080
(63,49) -> 4081
(63,50) -> 4082
(63,51) -> 4083
(63,52) -> 4084
(63,53) -> 4085
(63,54) -> 4086
(63,55) -> 4087
(63,56) -> 4088
(63,57) -> 4089
(63,58) -> 4090
(63,59) -> 4091
(63,60) -> 4092
(63,61) -> 4093
(63,62) -> 4094
(63,63) -> 4095
