(0,0) -> 0
(0,1) -> 1
(0,2) -> 2
(0,3) -> 3
(0,4) -> 4
(0,5) -> 5
(0,6) -> 6
(0,7) -> 7
(0,8) -> 8
(0,9) -> 9
(0,10) -> 10
(0,11) -> 11
(0,12) -> 12
(0,13) -> 13
(0,14) -> 14
(0,15) -> 15
(0,16) -> 16
(0,17) -> 17
(0,18) -> 18
(0,19) -> 19
(0,20) -> 20
(0,21) -> 21
(0,22) -> 22
(0,23) -> 23
(0,24) -> 24
(0,25) -> 25
(0,26) -> 26
(0,27) -> 27
(0,28) -> 28
(0,29) -> 29
(0,30) -> 30
(0,31) -> 31
(0,32) -> 32
(0,33) -> 33
(0,34) -> 34
(0,35) -> 35
(0,36) -> 36
(0,37) -> 37
(0,38) -> 38
(0,39) -> 39
(0,40) -> 40
(0,41) -> 41
(0,42) -> 42
(0,43) -> 43
(0,44) -> 44
(0,45) -> 45
(0,46) -> 46
(0,47) -> 47
(0,48) -> 48
(0,49) -> 49
(0,50) -> 50
(0,51) -> 51
(0,52) -> 52
(0,53) -> 53
(0,54) -> 54
(0,55) -> 55
(0,56) -> 56
(0,57) -> 57
(0,58) -> 58
(0,59) -> 59
(0,60) -> 60
(0,61) -> 61
(0,62) -> 62
(0,63) -> 63
(0,64) -> 64
(0,65) -> 65
(0,66) -> 66
(0,67) -> 67
(0,68) -> 68
(0,69) -> 69
(0,70) -> 70
(0,71) -> 71
(0,72) -> 72
(0,73) -> 73
(0,74) -> 74
(0,75) -> 75
(0,76) -> 76
(0,77) -> 77
(0,78) -> 78
(0,79) -> 79
(0,80) -> 80
(0,81) -> 81
(0,82) -> 82
(0,83) -> 83
(0,84) -> 84
(0,85) -> 85
(0,86) -> 86
(0,87) -> 87
(0,88) -> 88
(0,89) -> 89
(0,90) -> 90
(0,91) -> 91
(0,92) -> 92
(0,93) -> 93
(0,94) -> 94
(0,95) -> 95
(0,96) -> 96
(0,97) -> 97
(0,98) -> 98
(0,99) -> 99
(0,100) -> 100
(0,101) -> 101
(0,102) -> 102
(0,103) -> 103
(0,104) -> 104
(0,105) -> 105
(0,106) -> 106
(0,107) -> 107
(0,108) -> 108
(0,109) -> 109
(0,110) -> 110
(0,111) -> 111
(0,112) -> 112
(0,113) -> 113
(0,114) -> 114
(0,115) -> 115
(0,116) -> 116
(0,117) -> 117
(0,118) -> 118
(0,119) -> 119
(0,120) -> 120
(0,121) -> 121
(0,122) -> 122
(0,123) -> 123
(0,124) -> 124
(0,125) -> 125
(0,126) -> 126
(0,127) -> 127
(1,127) -> 255
(2,127) -> 383
(3,127) -> 511
(4,127) -> 639
(5,127) -> 767
(6,127) -> 895
(7,127) -> 1023
(8,127) -> 1151
(9,127) -> 1279
(10,127) -> 1407
(11,127) -> 1535
(12,127) -> 1663
(13,127) -> 1791
(14,127) -> 1919
(15,127) -> 2047
(16,127) -> 2175
(17,127) -> 2303
(18,127) -> 2431
(19,127) -> 2559
(20,127) -> 2687
(21,127) -> 2815
(22,127) -> 2943
(23,127) -> 3071
(24,127) -> 3199
(25,127) -> 3327
(26,127) -> 3455
(27,127) -> 3583
(28,127) -> 3711
(29,127) -> 3839
(30,127) -> 3967
(31,127) -> 4095
(32,127) -> 4223
(33,127) -> 4351
(34,127) -> 4479
(35,127) -> 4607
(36,127) -> 4735
(37,127) -> 4863
(38,127) -> 4991
(39,127) -> 5119
(40,127) -> 5247
(41,127) -> 5375
(42,127) -> 5503
(43,127) -> 5631
(44,127) -> 5759
(45,127) -> 5887
(46,127) -> 6015
(47,127) -> 6143
(48,127) -> 6271
(49,127) -> 6399
(50,127) -> 6527
(51,127) -> 6655
(52,127) -> 6783
(53,127) -> 6911
(54,127) -> 7039
(55,127) -> 7167
(56,127) -> 7295
(57,127) -> 7423
(58,127) -> 7551
(59,127) -> 7679
(60,127) -> 7807
(61,127) -> 7935
(62,127) -> 8063
(63,127) -> 8191
(64,127) -> 8319
(65,127) -> 8447
(66,127) -> 8575
(67,127) -> 8703
(68,127) -> 8831
(69,127) -> 8959
(70,127) -> 9087
(71,127) -> 9215
(72,127) -> 9343
(73,127) -> 9471
(74,127) -> 9599
(75,127) -> 9727
(76,127) -> 9855
(77,127) -> 9983
(78,127) -> 10111
(79,127) -> 10239
(80,127) -> 10367
(81,127) -> 10495
(82,127) -> 10623
(83,127) -> 10751
(84,127) -> 10879
(85,127) -> 11007
(86,127) -> 11135
(87,127) -> 11263
(88,127) -> 11391
(89,127) -> 11519
(90,127) -> 11647
(91,127) -> 11775
(92,127) -> 11903
(93,127) -> 12031
(94,127) -> 12159
(95,127) -> 12287
(96,127) -> 12415
(97,127) -> 12543
(98,127) -> 12671
(99,127) -> 12799
(100,127) -> 12927
(101,127) -> 13055
(102,127) -> 13183
(103,127) -> 13311
(104,127) -> 13439
(105,127) -> 13567
(106,127) -> 13695
(107,127) -> 13823
(108,127) -> 13951
(109,127) -> 14079
(110,127) -> 14207
(111,127) -> 14335
(112,127) -> 14463
(113,127) -> 14591
(114,127) -> 14719
(115,127) -> 14847
(116,127) -> 14975
(117,127) -> 15103
(118,127) -> 15231
(119,127) -> 15359
(120,127) -> 15487
(121,127) -> 15615
(122,127) -> 15743
(123,127) -> 15871
(124,127) -> 15999
(125,127) -> 16127
(126,127) -> 16255
(127,127) -> 16383
(127,126) -> 16382
(127,125) -> 16381
(127,124) -> 16380
(127,123) -> 16379
(127,122) -> 16378
(127,121) -> 16377
(127,120) -> 16376
(127,119) -> 16375
(127,118) -> 16374
(127,117) -> 16373
(127,116) -> 16372
(127,115) -> 16371
(127,114) -> 16370
(127,113) -> 16369
(127,112) -> 16368
(127,111) -> 16367
(127,110) -> 16366
(127,109) -> 16365
(127,108) -> 16364
(127,107) -> 16363
(127,106) -> 16362
(127,105) -> 16361
(127,104) -> 16360
(127,103) -> 16359
(127,102) -> 16358
(127,101) -> 16357
(127,100) -> 16356
(127,99) -> 16355
(127,98) -> 16354
(127,97) -> 16353
(127,96) -> 16352
(127,95) -> 16351
(127,94) -> 16350
(127,93) -> 16349
(127,92) -> 16348
(127,91) -> 16347
(127,90) -> 16346
(127,89) -> 16345
(127,88) -> 16344
(127,87) -> 16343
(127,86) -> 16342
(127,85) -> 16341
(127,84) -> 16340
(127,83) -> 16339
(127,82) -> 16338
(127,81) -> 16337
(127,80) -> 16336
(127,79) -> 16335
(127,78) -> 16334
(127,77) -> 16333
(127,76) -> 16332
(127,75) -> 16331
(127,74) -> 16330
(127,73) -> 16329
(127,72) -> 16328
(127,71) -> 16327
(127,70) -> 16326
(127,69) -> 16325
(127,68) -> 16324
(127,67) -> 16323
(127,66) -> 16322
(127,65) -> 16321
(127,64) -> 16320
(127,63) -> 16319
(127,62) -> 16318
(127,61) -> 16317
(127,60) -> 16316
(127,59) -> 16315
(127,58) -> 16314
(127,57) -> 16313
(127,56) -> 16312
(127,55) -> 16311
(127,54) -> 16310
(127,53) -> 16309
(127,52) -> 16308
(127,51) -> 16307
(127,50) -> 16306
(127,49) -> 16305
(127,48) -> 16304
(127,47) -> 16303
(127,46) -> 16302
(127,45) -> 16301
(127,44) -> 16300
(127,43) -> 16299
(127,42) -> 16298
(127,41) -> 16297
(127,40) -> 16296
(127,39) -> 16295
(127,38) -> 16294
(127,37) -> 16293
(127,36) -> 16292
(127,35) -> 16291
(127,34) -> 16290
(127,33) -> 16289
(127,32) -> 16288
(127,31) -> 16287
(127,30) -> 16286
(127,29) -> 16285
(127,28) -> 16284
(127,27) -> 16283
(127,26) -> 16282
(127,25) -> 16281
(127,24) -> 16280
(127,23) -> 16279
(127,22) -> 16278
(127,21) -> 16277
(127,20) -> 16276
(127,19) -> 16275
(127,18) -> 16274
(127,17) -> 16273
(127,16) -> 16272
(127,15) -> 16271
(127,14) -> 16270
(127,13) -> 16269
(127,12) -> 16268
(127,11) -> 16267
(127,10) -> 16266
(127,9) -> 16265
(127,8) -> 16264
(127,7) -> 16263
(127,6) -> 16262
(127,5) -> 16261
(127,4) -> 16260
(127,3) -> 16259
(127,2) -> 16258
(127,1) -> 16257
(127,0) -> 16256
(126,0) -> 16128
(125,0) -> 16000
(124,0) -> 15872
(123,0) -> 15744
(122,0) -> 15616
(121,0) -> 15488
(120,0) -> 15360
(119,0) -> 15232
(118,0) -> 15104
(117,0) -> 14976
(116,0) -> 14848
(115,0) -> 14720
(114,0) -> 14592
(113,0) -> 14464
(112,0) -> 14336
(111,0) -> 14208
(110,0) -> 14080
(109,0) -> 13952
(108,0) -> 13824
(107,0) -> 13696
(106,0) -> 13568
(105,0) -> 13440
(104,0) -> 13312
(103,0) -> 13184
(102,0) -> 13056
(101,0) -> 12928
(100,0) -> 12800
(99,0) -> 12672
(98,0) -> 12544
(97,0) -> 12416
(96,0) -> 12288
(95,0) -> 12160
(94,0) -> 12032
(93,0) -> 11904
(92,0) -> 11776
(91,0) -> 11648
(90,0) -> 11520
(89,0) -> 11392
(88,0) -> 11264
(87,0) -> 11136
(86,0) -> 11008
(85,0) -> 10880
(84,0) -> 10752
(83,0) -> 10624
(82,0) -> 10496
(81,0) -> 10368
(80,0) -> 10240
(79,0) -> 10112
(78,0) -> 9984
(77,0) -> 9856
(76,0) -> 9728
(75,0) -> 9600
(74,0) -> 9472
(73,0) -> 9344
(72,0) -> 9216
(71,0) -> 9088
(70,0) -> 8960
(69,0) -> 8832
(68,0) -> 8704
(67,0) -> 8576
(66,0) -> 8448
(65,0) -> 8320
(64,0) -> 8192
(63,0) -> 8064
(62,0) -> 7936
(61,0) -> 7808
(60,0) -> 7680
(59,0) -> 7552
(58,0) -> 7424
(57,0) -> 7296
(56,0) -> 7168
(55,0) -> 7040
(54,0) -> 6912
(53,0) -> 6784
(52,0) -> 6656
(51,0) -> 6528
(50,0) -> 6400
(49,0) -> 6272
(48,0) -> 6144
(47,0) -> 6016
(46,0) -> 5888
(45,0) -> 5760
(44,0) -> 5632
(43,0) -> 5504
(42,0) -> 5376
(41,0) -> 5248
(40,0) -> 5120
(39,0) -> 4992
(38,0) -> 4864
(37,0) -> 4736
(36,0) -> 4608
(35,0) -> 4480
(34,0) -> 4352
(33,0) -> 4224
(32,0) -> 4096
(31,0) -> 3968
(30,0) -> 3840
(29,0) -> 3712
(28,0) -> 3584
(27,0) -> 3456
(26,0) -> 3328
(25,0) -> 3200
(24,0) -> 3072
(23,0) -> 2944
(22,0) -> 2816
(21,0) -> 2688
(20,0) -> 2560
(19,0) -> 2432
(18,0) -> 2304
(17,0) -> 2176
(16,0) -> 2048
(15,0) -> 1920
(14,0) -> 1792
(13,0) -> 1664
(12,0) -> 1536
(11,0) -> 1408
(10,0) -> 1280
(9,0) -> 1152
(8,0) -> 1024
(7,0) -> 896
(6,0) -> 768
(5,0) -> 640
(4,0) -> 512
(3,0) -> 384
(2,0) -> 256
(1,0) -> 128
